# pyJTK periodicity scores computed on 2020-03-02 15:08:33
# Calculation time: 0.000587 seconds
# Input file: /Users/taylorlab/Documents/TaylorLab/jws48/Jupyter/Periodicity/data/AS18_FUP.tsv
# Period(s) of oscillation tested: 45.0000, 48.0000, 51.0000
	p-value	amp	period	lag	tau
PF3D7_0101200	0.048426734117954354	61.17108600000001	51.0	13.0	-76.0
PF3D7_0102200	0.004141795071110547	2.4081588750000007	51.0	5.5	-86.0
PF3D7_0102700	0.00034707262534643487	16.61175375	51.0	7.0	-94.0
PF3D7_0102900	1.46918915520106e-05	45.34407712500001	51.0	34.0	102.0
PF3D7_0103000	0.009509224000481441	9.139289999999999	51.0	44.5	83.0
PF3D7_0103200	0.01943095169546062	97.17553275	51.0	38.5	80.0
PF3D7_0103300	0.9151609289079528	26.802152249999992	47.25	16.0	-60.0
PF3D7_0103400	0.031003550035172057	72.88783312499999	51.0	43.0	78.0
PF3D7_0103600	0.11143167772483249	12.865171125000002	51.0	35.5	72.0
PF3D7_0103800	7.932217418824561e-05	1.3606274999999999	49.5	40.25	98.0
PF3D7_0103900	0.4810985075880909	30.325206	51.0	38.5	64.0
PF3D7_0104000	0.007115131547795238	4.379260125	49.5	46.0	84.0
PF3D7_0104100	1.46918915520106e-05	5.33747925	45.0	4.0	-102.0
PF3D7_0104200	3.516389639901545e-05	208.26856425	51.0	43.0	100.0
PF3D7_0104300	0.002342695994481709	141.913561125	51.0	13.0	-88.0
PF3D7_0104400	7.932217418824561e-05	39.434940375	51.0	43.0	98.0
PF3D7_0104500	0.0001698261780107018	66.75173362499999	51.0	35.5	96.0
PF3D7_0104800	1.46918915520106e-05	19.519169625	51.0	44.5	102.0
PF3D7_0105100	0.011903316453167643	9.30837675	51.0	40.75	82.0
PF3D7_0105200	0.0006803297011630345	59.97897412500001	51.0	43.0	92.0
PF3D7_0105300	2.0695381558476795e-06	32.579018999999995	49.5	17.25	-106.0
PF3D7_0105400.1	0.0009822960948332972	11.037242249999998	49.5	40.25	91.0
PF3D7_0105400.2	0.2902690595683527	5.350473375	49.8	32.5	-67.0
PF3D7_0105600	1.0	9.301836000000005	48.125	25.78125	-30.0
PF3D7_0105700	0.34159160256630494	15.613388249999998	51.0	44.5	66.0
PF3D7_0105800	7.932217418824561e-05	16.948457625	51.0	44.5	98.0
PF3D7_0105900	0.011903316453167643	5.981686125	51.0	43.0	82.0
PF3D7_0106000	1.46918915520106e-05	8.804706	51.0	44.5	102.0
PF3D7_0106100	0.34159160256630494	38.33254875	51.0	34.0	66.0
PF3D7_0106200	0.11143167772483249	1.863950625	51.0	47.5	72.0
PF3D7_0106300	1.0	135.85229737500003	48.125	19.375	-56.0
PF3D7_0106400	0.4810985075880909	107.51579662499996	49.5	26.5	64.0
PF3D7_0106700	0.048426734117954354	37.504733999999985	51.0	14.5	-76.0
PF3D7_0106800	0.048426734117954354	101.546574375	51.0	38.5	76.0
PF3D7_0106900	0.00034707262534643487	4.199132624999999	51.0	41.5	94.0
PF3D7_0107000.1	0.0001698261780107018	129.89950462500002	51.0	41.5	96.0
PF3D7_0107400	0.011903316453167643	26.0325135	51.0	43.0	82.0
PF3D7_0107500	0.048426734117954354	244.33242712499998	51.0	16.0	-76.0
PF3D7_0107800	0.031003550035172057	17.57013375	51.0	38.5	78.0
PF3D7_0107900	0.01943095169546062	43.538385000000005	51.0	32.5	80.0
PF3D7_0108000	0.34159160256630494	338.18897175	51.0	38.5	66.0
PF3D7_0108300	0.34159160256630494	74.206588875	48.0	23.5	-66.0
PF3D7_0108400.1	1.0	31.974865125000004	48.125	27.375	-54.0
PF3D7_0108400.2	1.0	12.306249375	48.125	31.25	-34.0
PF3D7_0108500	0.048426734117954354	8288.034007125001	51.0	13.0	-76.0
PF3D7_0108600	0.074149409439216	21.434001000000002	51.0	43.0	74.0
PF3D7_0108700	1.0	33.682872749999994	48.125	32.125	-6.0
PF3D7_0108800	1.0	28.147028625000008	48.125	34.697916666666664	-10.0
PF3D7_0109000	1.46918915520106e-05	88.36074562499999	45.0	4.0	-102.0
PF3D7_0109200	0.048426734117954354	56.222949375	51.0	38.5	76.0
PF3D7_0109400	0.007115131547795238	313.120417125	51.0	40.0	84.0
PF3D7_0109500	0.0006803297011630345	128.58500175000003	51.0	31.0	92.0
PF3D7_0109600	0.16453699804109032	32.49282037500001	48.0	38.5	70.0
PF3D7_0109700	0.00034707262534643487	41.345011875	51.0	13.0	-94.0
PF3D7_0109800	1.0	31.311496874999975	48.125	16.25	-52.0
PF3D7_0109850	0.0006803297011630345	2.142079125	51.0	44.5	92.0
PF3D7_0109950	0.002342695994481709	38.461129125	51.0	43.0	88.0
PF3D7_0110000	5.735652685057447e-06	44.358931874999996	51.0	43.0	104.0
PF3D7_0110100	1.0	9.156471750000007	48.125	28.46875	-30.0
PF3D7_0110200	0.6680367990420074	77.01432600000001	51.0	43.0	62.0
PF3D7_0110400	0.01943095169546062	186.01636275000004	51.0	19.0	-80.0
PF3D7_0110500	0.11143167772483249	32.697194249999995	51.0	38.5	72.0
PF3D7_0110600	7.932217418824561e-05	141.42287699999997	51.0	13.0	-98.0
PF3D7_0110700	0.002342695994481709	165.74694562500002	49.5	42.25	88.0
PF3D7_0110800	0.23894651657040047	56.32092075	51.0	34.0	68.0
PF3D7_0110900	0.0012842624885035599	15.745789125	51.0	32.5	90.0
PF3D7_0111000	3.516389639901545e-05	4.780169625	49.5	46.0	100.0
PF3D7_0111200	0.011903316453167643	9.133821750000001	51.0	44.5	82.0
PF3D7_0111300	0.0006803297011630345	18.11235375	51.0	43.0	92.0
PF3D7_0111400	0.011903316453167643	10.843865249999999	51.0	43.0	82.0
PF3D7_0111500	0.0001698261780107018	86.759895	51.0	43.0	96.0
PF3D7_0111600	0.01943095169546062	10.023125625	49.5	30.25	80.0
PF3D7_0111700	0.4810985075880909	18.690443625	45.0	25.0	64.0
PF3D7_0111800	0.11143167772483249	78.493879125	51.0	32.5	72.0
PF3D7_0111900	0.11143167772483249	399.09835499999997	51.0	41.5	72.0
PF3D7_0112000	1.0	14.677557	48.125	30.4375	-24.0
PF3D7_0112200	0.031003550035172057	60.937612125	51.0	38.5	78.0
PF3D7_0112800	1.46918915520106e-05	30.490129499999995	48.0	5.5	-102.0
PF3D7_0112900	3.902595420452563e-06	8.334626624999999	45.0	4.0	-105.0
PF3D7_0113000	5.735652685057447e-06	192.4396065	51.0	32.5	104.0
PF3D7_0113200	0.004141795071110547	139.68365699999998	51.0	35.5	86.0
PF3D7_0113300	0.0012842624885035599	298.768543875	51.0	11.5	-90.0
PF3D7_0113700	0.00034707262534643487	518.809331625	51.0	14.5	-94.0
PF3D7_0113900	1.0	67.14083325	48.125	19.71875	-52.0
PF3D7_0200800	0.01943095169546062	261.84088199999997	51.0	14.5	-80.0
PF3D7_0202100	0.00034707262534643487	207.14416762500002	51.0	5.5	-94.0
PF3D7_0202200	0.007115131547795238	1155.775900875	51.0	13.0	-84.0
PF3D7_0202300	0.011903316453167643	30.665800875000002	45.0	37.0	82.0
PF3D7_0202400	1.46918915520106e-05	1510.3186968750001	51.0	31.0	102.0
PF3D7_0202500	0.048426734117954354	16141.34444475	51.0	16.0	-76.0
PF3D7_0202600.1	0.5745676533150491	14.082695624999996	51.0	38.5	63.0
PF3D7_0202600.2	0.011903316453167643	19.773602625	51.0	34.0	82.0
PF3D7_0202800	0.011903316453167643	4.255289625	51.0	46.0	82.0
PF3D7_0203000	6.804813352432401e-07	8.699651625	49.5	40.25	108.0
PF3D7_0203100	5.735652685057447e-06	4.525379625	49.5	40.25	104.0
PF3D7_0203200	0.011903316453167643	17.586635625000003	51.0	14.5	-82.0
PF3D7_0203300	0.23894651657040047	23.581464	51.0	38.5	68.0
PF3D7_0203400	0.007115131547795238	339.631248375	51.0	41.5	84.0
PF3D7_0203700	0.004141795071110547	453.20125350000006	51.0	16.0	-86.0
PF3D7_0203900	0.01943095169546062	39.000934875	51.0	38.5	80.0
PF3D7_0204100	5.735652685057447e-06	8.146011	51.0	44.5	104.0
PF3D7_0204200	0.031003550035172057	133.96896525000005	51.0	31.0	78.0
PF3D7_0204300	1.0	10.038604499999998	48.125	30.90625	-22.0
PF3D7_0204400	1.0	13.78970325	48.125	32.40625	-22.0
PF3D7_0204500	1.0	21.383974875	48.125	13.65625	-48.0
PF3D7_0204600	0.004141795071110547	20.791257375000004	51.0	41.5	86.0
PF3D7_0204700	0.074149409439216	102.36694500000004	45.0	25.0	74.0
PF3D7_0204800	0.00034707262534643487	13.103686500000002	51.0	41.5	94.0
PF3D7_0204900	0.0012842624885035599	21.26758725	51.0	41.5	90.0
PF3D7_0205400	1.0	11.655297749999999	48.125	13.71875	-56.0
PF3D7_0205500	1.0	32.48589375	48.125	12.927083333333334	-42.0
PF3D7_0205600	0.16453699804109032	6.71886975	48.0	44.5	70.0
PF3D7_0205700.1	0.011903316453167643	86.74843425	51.0	13.0	-82.0
PF3D7_0205800	0.011903316453167643	27.368284874999997	51.0	41.5	82.0
PF3D7_0205900	0.4810985075880909	89.92254600000001	51.0	38.5	64.0
PF3D7_0206000	0.16453699804109032	21.659608499999994	45.0	12.25	-70.0
PF3D7_0206100	1.0	24.425025374999997	48.125	21.375	-34.0
PF3D7_0206200	5.735652685057447e-06	19.165930874999997	49.5	40.25	104.0
PF3D7_0206300	0.031003550035172057	20.062509750000007	51.0	17.5	-78.0
PF3D7_0206500	0.11143167772483249	42.622408875000005	51.0	13.0	-72.0
PF3D7_0206600	1.0	11.372488124999999	48.125	34.46875	-16.0
PF3D7_0206700	1.0	37.02268425000001	48.125	17.8125	-22.0
PF3D7_0206800	0.00034707262534643487	411.94831162500003	47.25	4.0	-94.0
PF3D7_0206900.1	3.902595420452563e-06	46.441194375	49.5	17.25	-105.0
PF3D7_0206900.2	0.1379843378829614	27.68986425	51.0	40.0	71.0
PF3D7_0207000	2.0695381558476795e-06	317.02845975	51.0	47.5	106.0
PF3D7_0207100	2.0695381558476795e-06	21.355095000000002	49.5	40.25	106.0
PF3D7_0207200	0.0012842624885035599	17.1677055	51.0	44.5	90.0
PF3D7_0207400	1.46918915520106e-05	14.339451375000003	51.0	44.5	102.0
PF3D7_0207500	2.0008650961031914e-07	27.6738405	51.0	44.5	110.0
PF3D7_0207600	5.735652685057447e-06	124.99745099999998	51.0	46.0	104.0
PF3D7_0207700	2.0695381558476795e-06	11.927639249999999	51.0	44.5	106.0
PF3D7_0207800	0.0012842624885035599	9.601879875	51.0	47.5	90.0
PF3D7_0207900	0.0001698261780107018	1.1923252500000001	49.5	40.25	96.0
PF3D7_0208000	7.932217418824561e-05	2.2517287500000003	51.0	47.5	98.0
PF3D7_0208100.1	0.0001698261780107018	24.087937125	51.0	41.5	96.0
PF3D7_0208200	0.01943095169546062	160.79480625000002	51.0	13.0	-80.0
PF3D7_0208300	0.004141795071110547	18.805447500000003	51.0	14.5	-86.0
PF3D7_0208400	1.0	15.672909750000006	48.125	18.84375	-26.0
PF3D7_0208500	0.01943095169546062	88.80811275	51.0	43.0	80.0
PF3D7_0208600	0.00034707262534643487	53.251747125	51.0	43.0	94.0
PF3D7_0208700.2	0.4810985075880909	116.70191062500001	51.0	38.5	64.0
PF3D7_0208800	1.0	15.956234625	48.125	18.75	-44.0
PF3D7_0209100	0.0006803297011630345	109.05556725000002	46.0	10.5	-92.0
PF3D7_0209200	1.0	34.422064500000005	48.125	32.40625	-26.0
PF3D7_0209300	0.4810985075880909	25.341504750000002	51.0	40.0	64.0
PF3D7_0209400	1.0	27.322285499999992	48.125	30.90625	-48.0
PF3D7_0209600	3.516389639901545e-05	1.4011650000000002	51.0	47.5	100.0
PF3D7_0209700	0.011903316453167643	305.37542849999994	51.0	13.0	-82.0
PF3D7_0209800	0.16453699804109032	140.7528596250002	45.0	28.0	70.0
PF3D7_0210000	0.34159160256630494	955.5836235000002	49.5	28.0	66.0
PF3D7_0210100.1	0.002342695994481709	4002.4187332499987	50.0	27.5	88.0
PF3D7_0210200	0.0012842624885035599	18.929674499999997	51.0	43.0	90.0
PF3D7_0210300	0.00034707262534643487	30.918584999999997	51.0	43.0	94.0
PF3D7_0210400	0.00034707262534643487	135.1054815	51.0	40.75	94.0
PF3D7_0210600	5.735652685057447e-06	23.578705499999995	49.5	17.25	-104.0
PF3D7_0210700	3.516389639901545e-05	3.169179375	51.0	47.5	100.0
PF3D7_0210800	0.011903316453167643	116.62112737499999	51.0	13.0	-82.0
PF3D7_0210900	0.4810985075880909	189.50284162500017	51.0	4.0	-64.0
PF3D7_0211200	0.074149409439216	71.18042249999999	51.0	40.0	74.0
PF3D7_0211300	0.00025844940167856834	7.415131124999999	51.0	43.0	95.0
PF3D7_0211600	0.2902690595683527	2.0598615	51.0	47.5	67.0
PF3D7_0211700	0.0012842624885035599	16.30071375	51.0	41.5	90.0
PF3D7_0211800	0.0012842624885035599	56.88468487499996	51.0	35.5	90.0
PF3D7_0211900	0.048426734117954354	10.123112625000001	51.0	43.0	76.0
PF3D7_0212000	0.01943095169546062	6.079033125	51.0	41.5	80.0
PF3D7_0212100	1.0	38.262741749999996	48.125	17.875	-36.0
PF3D7_0212200	1.0	16.330948125	48.125	27.4375	-36.0
PF3D7_0212300	0.0012842624885035599	132.08139937499976	49.5	25.0	-90.0
PF3D7_0212400	1.0	6.339219749999998	48.125	16.875	-36.0
PF3D7_0212500	0.11143167772483249	16.556954625000003	45.0	13.0	-72.0
PF3D7_0212600	2.0008650961031914e-07	62.257515375	45.0	4.0	-110.0
PF3D7_0212700	0.048426734117954354	26.063079	51.0	35.5	76.0
PF3D7_0212900	2.0695381558476795e-06	11.414359500000002	51.0	46.0	106.0
PF3D7_0213000	2.4927893975513022e-05	25.748492250000005	51.0	43.0	101.0
PF3D7_0213100	0.031003550035172057	197.58958199999998	51.0	31.0	78.0
PF3D7_0213200	0.02521725086531634	44.13950925	51.0	42.25	79.0
PF3D7_0213300	0.00034707262534643487	219.83148675	51.0	41.5	94.0
PF3D7_0213400	0.007115131547795238	56.132873625	51.0	43.0	84.0
PF3D7_0213500	0.34159160256630494	13.849366875000001	51.0	38.5	66.0
PF3D7_0213700	0.0001698261780107018	347.85313087500003	51.0	34.0	96.0
PF3D7_0213900	0.4810985075880909	21.307454999999994	51.0	13.0	-64.0
PF3D7_0214000	0.6680367990420074	133.76016149999995	51.0	34.0	62.0
PF3D7_0214100	1.46918915520106e-05	162.10915537500003	51.0	8.5	-102.0
PF3D7_0214200	0.002342695994481709	143.997265125	51.0	43.0	88.0
PF3D7_0214400	0.011903316453167643	140.78366025000003	51.0	14.5	-82.0
PF3D7_0214600	0.004141795071110547	9.167233875	47.25	4.0	-86.0
PF3D7_0214700	1.0	11.063858999999999	48.125	19.375	-52.0
PF3D7_0214800	0.01943095169546062	49.19992312500001	51.0	14.5	-80.0
PF3D7_0214900	0.0001698261780107018	15.228476624999999	45.0	4.0	-96.0
PF3D7_0215000	0.002342695994481709	16.8791685	51.0	44.5	88.0
PF3D7_0215100	0.6680367990420074	110.58367312499999	51.0	38.5	62.0
PF3D7_0215200	0.011903316453167643	12.222676124999998	45.0	16.0	-82.0
PF3D7_0215300	0.0012842624885035599	43.893433875	51.0	14.5	-90.0
PF3D7_0215400	1.0	23.318697749999984	48.125	22.78125	-18.0
PF3D7_0215500	3.516389639901545e-05	31.55607450000001	51.0	13.0	-100.0
PF3D7_0215600	1.0	10.701124124999996	48.125	19.71875	-32.0
PF3D7_0215700	1.0	17.71582312499997	48.125	20.75	-52.0
PF3D7_0215800	0.0001698261780107018	9.57266775	51.0	44.5	96.0
PF3D7_0215900	0.0005137011632547347	0.9232942500000001	51.0	47.5	93.0
PF3D7_0216200	0.16453699804109032	50.35778624999999	51.0	20.5	-70.0
PF3D7_0216400	0.16453699804109032	6.668282999999999	51.0	43.0	70.0
PF3D7_0216600	0.01943095169546062	82.68630937500002	51.0	4.0	-80.0
PF3D7_0216700.1	6.804813352432401e-07	21.55246425	49.5	17.25	-108.0
PF3D7_0216800	1.46918915520106e-05	1.2235676249999998	51.0	47.5	102.0
PF3D7_0216900	0.011903316453167643	2.7853818749999997	51.0	41.5	82.0
PF3D7_0217100	0.004141795071110547	86.716155	51.0	43.0	86.0
PF3D7_0217300	0.6680367990420074	34.144996875000004	45.0	5.5	-62.0
PF3D7_0217400	0.011903316453167643	41.004969375	51.0	41.5	82.0
PF3D7_0217500	1.46918915520106e-05	85.22281162499999	45.0	4.0	-102.0
PF3D7_0217600	1.0	5.471894624999999	48.125	35.166666666666664	-10.0
PF3D7_0217700	0.11143167772483249	70.336495125	51.0	31.0	72.0
PF3D7_0217800	3.516389639901545e-05	4464.0181623749995	51.0	34.0	100.0
PF3D7_0217900	0.0001698261780107018	36.05340525	51.0	41.5	96.0
PF3D7_0218000	0.0012842624885035599	90.917961375	51.0	41.5	90.0
PF3D7_0218100	0.005628463309452892	0.925609875	51.0	46.0	85.0
PF3D7_0218200	0.048426734117954354	26.12822025	51.0	37.0	76.0
PF3D7_0218300	0.002342695994481709	34.093805249999996	51.0	43.0	88.0
PF3D7_0218400	0.002342695994481709	72.904659375	51.0	14.5	-88.0
PF3D7_0218500	0.031003550035172057	103.97126699999995	51.0	34.0	78.0
PF3D7_0218600	0.0001698261780107018	45.695694374999995	51.0	32.5	96.0
PF3D7_0218700	0.0012842624885035599	103.63080862500001	51.0	13.0	-90.0
PF3D7_0219100	0.074149409439216	13.23440325	51.0	31.0	74.0
PF3D7_0219200	0.007115131547795238	7318.500231749999	51.0	32.5	84.0
PF3D7_0219300	1.0	7.236997125000003	48.125	30.4375	-24.0
PF3D7_0219400.1	0.4810985075880909	547.8445147500001	51.0	38.5	64.0
PF3D7_0219400.2	1.0	417.43304250000006	48.125	31.46875	-10.0
PF3D7_0219500	0.004141795071110547	38.149840125	51.0	43.0	86.0
PF3D7_0219600	7.932217418824561e-05	58.441186500000015	51.0	43.0	98.0
PF3D7_0219700	1.46918915520106e-05	261.10082437499995	51.0	7.0	-102.0
PF3D7_0219800	0.048426734117954354	51.656503125	51.0	10.0	-76.0
PF3D7_0219900	0.00034707262534643487	176.353896	51.0	13.0	-94.0
PF3D7_0220000	3.516389639901545e-05	2381.6054516249997	51.0	7.0	-100.0
PF3D7_0220100	0.01943095169546062	208.18015687500002	51.0	13.0	-80.0
PF3D7_0220200	0.004141795071110547	2908.8241845	49.5	32.5	86.0
PF3D7_0220300	7.932217418824561e-05	373.531167	51.0	31.0	98.0
PF3D7_0220500	1.0	19.5638985	48.125	18.125	-30.0
PF3D7_0220600	7.932217418824561e-05	261.944371125	51.0	31.0	98.0
PF3D7_0220700	0.031003550035172057	477.64455524999994	51.0	13.0	-78.0
PF3D7_0220800	5.124670303241732e-08	4.8948776249999995	51.0	47.5	112.0
PF3D7_0221200	0.01943095169546062	15.929863125	51.0	34.0	80.0
PF3D7_0221800	0.048426734117954354	14.578077375000003	51.0	17.5	-76.0
PF3D7_0301200	7.932217418824561e-05	96.39638400000001	51.0	13.0	-98.0
PF3D7_0301300	0.0001698261780107018	28.859499750000005	48.0	28.0	96.0
PF3D7_0301400	0.00034707262534643487	104.44684574999998	51.0	34.0	94.0
PF3D7_0301500	5.124670303241732e-08	87.99326362499998	49.5	13.75	-112.0
PF3D7_0301600	1.0	144.26713200000006	48.125	13.71875	-50.0
PF3D7_0301700	0.00034707262534643487	1000.5872216250002	51.0	31.0	94.0
PF3D7_0301800	0.01943095169546062	391.08107850000005	51.0	8.5	-80.0
PF3D7_0302000	0.031003550035172057	45.670255875	51.0	13.0	-78.0
PF3D7_0302100	7.932217418824561e-05	116.613634875	47.25	23.875	-98.0
PF3D7_0302200	0.0006803297011630345	39.647872125	45.0	4.75	-92.0
PF3D7_0302500	0.0006803297011630345	77.881619625	45.0	4.0	-92.0
PF3D7_0302600	0.0012842624885035599	13.529287875000001	51.0	43.0	90.0
PF3D7_0302700	0.011903316453167643	64.62513862499999	51.0	43.0	82.0
PF3D7_0302800	0.002342695994481709	16.22837175	51.0	13.0	-88.0
PF3D7_0302900	1.0	35.667625874999985	48.125	17.9375	-26.0
PF3D7_0303000	1.0	6.174921750000004	48.125	32.40625	-36.0
PF3D7_0303100	0.031003550035172057	11.904955874999999	51.0	35.5	78.0
PF3D7_0303200	0.00034707262534643487	38.31656437499999	51.0	43.0	94.0
PF3D7_0303300	1.0	98.00897699999999	48.125	34.46875	-16.0
PF3D7_0303400	0.007115131547795238	0.8404192499999997	51.0	46.0	84.0
PF3D7_0303500	0.002342695994481709	8.00403	51.0	40.0	88.0
PF3D7_0303600	0.007115131547795238	18.207306374999998	51.0	35.5	84.0
PF3D7_0303700	0.002342695994481709	92.03001300000001	51.0	41.5	88.0
PF3D7_0303800	0.004141795071110547	16.166409375	51.0	41.5	86.0
PF3D7_0304100	0.11143167772483249	8.6907525	45.0	4.0	-72.0
PF3D7_0304200	1.0	20.58108375	48.125	20.40625	-34.0
PF3D7_0304400.1	0.031003550035172057	2664.847492125001	51.0	32.5	78.0
PF3D7_0304500	0.003242245532796128	138.170914125	49.5	42.25	87.0
PF3D7_0304900	0.34159160256630494	57.766058625	51.0	13.0	-66.0
PF3D7_0305000	0.16453699804109032	18.945091500000004	51.0	38.5	70.0
PF3D7_0305100	0.007115131547795238	20.770657875	51.0	43.0	84.0
PF3D7_0305200	0.9151609289079528	14.34729825	45.0	13.0	-60.0
PF3D7_0305300	0.0012842624885035599	209.09324137500002	51.0	13.0	-90.0
PF3D7_0305400	0.16453699804109032	22.125597750000004	49.5	17.25	-70.0
PF3D7_0305500	0.4810985075880909	24.104435624999997	51.0	34.0	64.0
PF3D7_0305600	0.00034707262534643487	23.13733725	51.0	43.0	94.0
PF3D7_0305700	0.4810985075880909	347.32864049999995	45.0	17.5	-64.0
PF3D7_0305900	0.1379843378829614	3.2689252500000006	51.0	44.5	71.0
PF3D7_0306000	0.01943095169546062	111.84818362499999	51.0	43.0	80.0
PF3D7_0306100	1.0	18.006627750000007	48.125	15.84375	-54.0
PF3D7_0306200	0.23894651657040047	50.70348075000001	51.0	34.0	68.0
PF3D7_0306300	0.007115131547795238	1674.1728761249997	51.0	38.5	84.0
PF3D7_0306400	0.01943095169546062	16.916651625	51.0	43.0	80.0
PF3D7_0306500	0.002342695994481709	27.244900499999996	51.0	44.5	88.0
PF3D7_0306600	0.074149409439216	103.72734787499999	51.0	44.5	74.0
PF3D7_0306700	1.0	54.72239549999999	48.125	13.895833333333334	-58.0
PF3D7_0306800	7.932217418824561e-05	214.18737787499995	51.0	35.5	98.0
PF3D7_0306900	0.002342695994481709	3932.018913375	49.5	25.0	-88.0
PF3D7_0307100	0.002342695994481709	3134.5876335000003	51.0	32.5	88.0
PF3D7_0307200	0.0006803297011630345	2399.876200125	51.0	32.5	92.0
PF3D7_0307400	0.002342695994481709	22.17915525	51.0	43.0	88.0
PF3D7_0307500	0.0012842624885035599	13.638583875	51.0	41.5	90.0
PF3D7_0307600	0.0001698261780107018	22.285797374999998	51.0	44.5	96.0
PF3D7_0307700	0.002342695994481709	65.34009225	51.0	43.0	88.0
PF3D7_0307800	1.0	25.221884250000006	48.125	15.90625	-26.0
PF3D7_0308000	0.004141795071110547	30.125143125	51.0	40.0	86.0
PF3D7_0308100	2.0695381558476795e-06	1.6880846250000001	49.5	40.25	106.0
PF3D7_0308200	0.11143167772483249	118.92000825000002	51.0	31.0	72.0
PF3D7_0308300	0.00034707262534643487	9.573280500000001	49.5	17.25	-94.0
PF3D7_0308500	0.007115131547795238	418.803583875	49.5	40.0	84.0
PF3D7_0308600	0.9151609289079528	65.55533662500002	51.0	34.0	60.0
PF3D7_0308700	0.0001698261780107018	5.66839425	49.5	40.25	96.0
PF3D7_0308800	0.0001698261780107018	114.70483875	51.0	46.0	96.0
PF3D7_0308900	0.074149409439216	60.38039850000001	51.0	13.0	-74.0
PF3D7_0309000	0.6680367990420074	15.205089375000004	45.0	12.25	-62.0
PF3D7_0309200	0.16453699804109032	21.824946749999995	51.0	44.5	70.0
PF3D7_0309300	0.23894651657040047	28.822782749999995	45.0	16.75	-68.0
PF3D7_0309500	0.004141795071110547	156.79921237499994	51.0	7.0	-86.0
PF3D7_0309600	2.0695381558476795e-06	5327.3695110000035	51.0	29.5	106.0
PF3D7_0309700	0.0012842624885035599	9.737708625	51.0	4.0	-90.0
PF3D7_0309800	0.01943095169546062	95.32381312499999	51.0	13.0	-80.0
PF3D7_0310000	0.41134505507719793	30.828885375000002	51.0	41.5	65.0
PF3D7_0310200	0.4810985075880909	87.21570412499999	51.0	13.0	-64.0
PF3D7_0310300	0.011903316453167643	54.41314912500001	51.0	19.0	-82.0
PF3D7_0310400	0.00034707262534643487	11.644951875	51.0	44.5	94.0
PF3D7_0310500	1.0	7.508224875000002	48.125	33.90625	-14.0
PF3D7_0310600.1	1.0	18.70520587500001	48.125	27.21875	-24.0
PF3D7_0310700	1.0	61.43635725000002	48.125	34.697916666666664	-6.0
PF3D7_0310800	1.0	251.99381925	48.125	34.875	-14.0
PF3D7_0310900	0.007115131547795238	12.183174375000002	51.0	44.5	84.0
PF3D7_0311100	0.34159160256630494	37.294738500000015	45.0	13.0	-66.0
PF3D7_0311200	0.34159160256630494	6.979087124999996	51.0	34.0	66.0
PF3D7_0311300	3.516389639901545e-05	29.580388125	51.0	47.5	100.0
PF3D7_0311500	0.004141795071110547	134.81279250000003	51.0	7.0	-86.0
PF3D7_0311600	0.0001698261780107018	18.211835624999996	51.0	43.0	96.0
PF3D7_0311800	0.004141795071110547	16.576348125	51.0	41.5	86.0
PF3D7_0312000	0.004141795071110547	131.709927375	51.0	38.5	86.0
PF3D7_0312100	0.002342695994481709	6.370730624999998	51.0	43.0	88.0
PF3D7_0312300	1.0	18.53572125	48.125	34.697916666666664	-6.0
PF3D7_0312400	7.932217418824561e-05	139.330240125	51.0	43.0	98.0
PF3D7_0312500	5.735652685057447e-06	26.340949499999994	51.0	34.0	104.0
PF3D7_0312800	3.516389639901545e-05	2475.9493436250004	45.0	26.5	100.0
PF3D7_0313000	0.007115131547795238	55.80091724999998	45.0	13.0	-84.0
PF3D7_0313100	0.11143167772483249	106.787649375	51.0	34.0	72.0
PF3D7_0313200	0.6680367990420074	10.536259125000003	51.0	44.5	62.0
PF3D7_0313300	0.9151609289079528	39.365011875	51.0	46.0	60.0
PF3D7_0313400	0.11143167772483249	13.960704000000003	46.0	16.5	-72.0
PF3D7_0313500	1.0	3.770863124999998	48.125	25.3125	-20.0
PF3D7_0313600	0.0006803297011630345	23.53109775	51.0	43.0	92.0
PF3D7_0313700.1	0.015667134074314134	31.417254375	51.0	40.0	81.0
PF3D7_0313800	0.004141795071110547	20.639818125	51.0	40.0	86.0
PF3D7_0314000	0.007115131547795238	46.175433	51.0	38.5	84.0
PF3D7_0314100.1	0.0012842624885035599	36.640855875	45.0	22.0	-90.0
PF3D7_0314400	7.932217418824561e-05	53.56384800000002	51.0	29.5	98.0
PF3D7_0314500	0.0006803297011630345	83.136631125	51.0	16.0	-92.0
PF3D7_0314600	1.0	13.773104250000001	48.125	16.28125	-34.0
PF3D7_0314700	0.34159160256630494	23.83210875	51.0	38.5	66.0
PF3D7_0314800	0.031003550035172057	0.33685725	51.0	47.5	78.0
PF3D7_0314900	7.932217418824561e-05	1.8032219999999999	51.0	44.5	98.0
PF3D7_0315000	0.003242245532796128	5.192699999999999	51.0	43.75	87.0
PF3D7_0315100	1.0	56.49824887499997	48.125	23.3125	-32.0
PF3D7_0315400	0.004141795071110547	39.254248874999995	51.0	43.0	86.0
PF3D7_0315500	0.11143167772483249	35.009800875	51.0	42.25	72.0
PF3D7_0315800	1.0	14.21329387499999	48.125	14.09375	-36.0
PF3D7_0316000	2.0008650961031914e-07	13.994405625	51.0	47.5	110.0
PF3D7_0316100	5.735652685057447e-06	28.917122625000005	51.0	46.0	104.0
PF3D7_0316200	0.00034707262534643487	7.079001375000002	51.0	41.5	94.0
PF3D7_0316300.1	0.2902690595683527	31.36601925	45.0	40.0	67.0
PF3D7_0316300.2	0.00034707262534643487	48.18665625	51.0	43.0	94.0
PF3D7_0316400	0.0012842624885035599	24.812469	51.0	43.0	90.0
PF3D7_0316500	1.46918915520106e-05	18.705013875	51.0	43.0	102.0
PF3D7_0316600	0.01943095169546062	256.3691984999999	51.0	29.5	80.0
PF3D7_0316700	0.34159160256630494	220.40369699999997	51.0	31.0	66.0
PF3D7_0316800	0.002342695994481709	3146.9413597499997	49.5	28.0	88.0
PF3D7_0316900	0.9151609289079528	14.936459249999988	51.0	5.5	-60.0
PF3D7_0317000	0.23894651657040047	184.98604050000003	51.0	38.5	68.0
PF3D7_0317200	1.46918915520106e-05	59.745478500000004	51.0	44.5	102.0
PF3D7_0317300	0.011903316453167643	36.97740075	45.0	13.75	-82.0
PF3D7_0317400	0.0012842624885035599	25.343301000000004	51.0	43.0	90.0
PF3D7_0317500	0.6680367990420074	21.508559250000005	51.0	43.0	62.0
PF3D7_0317600	0.007115131547795238	3680.185648874999	49.5	26.5	84.0
PF3D7_0317700	1.0	29.934710625	48.125	13.6875	-58.0
PF3D7_0317800	1.0	25.153686750000006	48.125	34.375	-8.0
PF3D7_0318100	0.0012842624885035599	78.312706875	51.0	35.5	90.0
PF3D7_0318200	0.9151609289079528	57.64324762500004	51.0	14.5	-60.0
PF3D7_0318300	7.932217418824561e-05	64.172029125	48.0	13.0	-98.0
PF3D7_0318500	3.516389639901545e-05	2.0399362500000002	45.0	4.0	-100.0
PF3D7_0318600	0.0001698261780107018	61.43195400000001	51.0	13.0	-96.0
PF3D7_0318700	0.01943095169546062	18.278139375000002	49.5	17.25	-80.0
PF3D7_0318900	1.0	21.74786812500001	48.125	34.697916666666664	-6.0
PF3D7_0319000	0.11143167772483249	17.567258250000002	51.0	43.0	72.0
PF3D7_0319100	0.4810985075880909	142.31392800000006	51.0	43.0	64.0
PF3D7_0319200	0.11143167772483249	15.970848000000004	45.0	13.0	-72.0
PF3D7_0319300	0.9151609289079528	38.334444375000004	51.0	43.0	60.0
PF3D7_0319400	0.0001698261780107018	8.328076125	51.0	46.0	96.0
PF3D7_0319500	1.0	87.75335624999997	48.125	19.3125	-40.0
PF3D7_0319600	0.002342695994481709	384.40652512499975	51.0	31.0	88.0
PF3D7_0319700	0.23894651657040047	22.59362287499999	51.0	13.0	-68.0
PF3D7_0319900	0.11143167772483249	52.44836062499999	48.0	14.5	-72.0
PF3D7_0320000	0.031003550035172057	273.033082875	51.0	43.0	78.0
PF3D7_0320100	1.0	22.859606249999995	48.125	31.9375	-26.0
PF3D7_0320300	0.002342695994481709	212.48670037499997	51.0	35.5	88.0
PF3D7_0320500	0.4810985075880909	70.486019625	46.5	34.75	64.0
PF3D7_0320600	0.02521725086531634	7.606592625	51.0	41.5	79.0
PF3D7_0320700	0.0012842624885035599	118.44350399999999	51.0	44.5	90.0
PF3D7_0320800	0.0001698261780107018	145.258522125	51.0	43.0	96.0
PF3D7_0320900	1.0	1926.7039496250002	48.125	22.40625	-54.0
PF3D7_0321000	1.0	26.058058499999994	48.125	34.875	-14.0
PF3D7_0321100	0.0001698261780107018	0.8662878749999998	49.5	17.25	-96.0
PF3D7_0321400	5.735652685057447e-06	6.0446745	49.5	40.25	104.0
PF3D7_0321500	0.007115131547795238	9.982672874999999	51.0	40.0	84.0
PF3D7_0321600	0.11143167772483249	49.77435562499999	51.0	38.5	72.0
PF3D7_0321700	7.932217418824561e-05	1.7258058749999998	51.0	47.5	98.0
PF3D7_0321800	7.932217418824561e-05	51.308010374999995	51.0	11.5	-98.0
PF3D7_0321900	1.46918915520106e-05	93.023401125	48.0	11.5	-102.0
PF3D7_0322000	1.0	1011.383122125	48.125	32.75	-40.0
PF3D7_0322100	1.0	26.656700249999997	48.125	16.78125	-34.0
PF3D7_0322300	0.6680367990420074	14.585135249999999	51.0	34.0	62.0
PF3D7_0322400	0.34159160256630494	15.502868249999999	45.0	19.0	-66.0
PF3D7_0322500	0.074149409439216	8.11643475	51.0	35.5	74.0
PF3D7_0322700	0.011903316453167643	11.774292375000003	45.0	13.0	-82.0
PF3D7_0322900	6.804813352432401e-07	1368.174590625	51.0	29.5	108.0
PF3D7_0323000	0.0012842624885035599	3157.9491285000004	51.0	34.0	90.0
PF3D7_0323100	0.01943095169546062	56.14398375	51.0	34.0	80.0
PF3D7_0323200	0.11143167772483249	11.358952875000002	51.0	38.5	72.0
PF3D7_0323400	0.01943095169546062	13.376782125	45.0	4.0	-80.0
PF3D7_0323500	1.0	47.03793262500002	48.125	18.375	-40.0
PF3D7_0323600	0.4810985075880909	8.996775750000001	51.0	34.0	64.0
PF3D7_0323700	0.4810985075880909	29.829540375000015	45.0	11.5	-64.0
PF3D7_0323800	0.23894651657040047	24.523833000000007	45.0	17.5	-68.0
PF3D7_0400200	0.0001698261780107018	11.520347999999998	51.0	38.5	96.0
PF3D7_0401600.1	3.516389639901545e-05	843.7581641250001	51.0	29.5	100.0
PF3D7_0401600.2	7.932217418824561e-05	72.20166412500001	51.0	29.5	98.0
PF3D7_0401700	0.01943095169546062	68.43283012500001	49.5	34.0	80.0
PF3D7_0401800	1.0	318.6808488749999	48.125	34.3125	-20.0
PF3D7_0402000	2.0695381558476795e-06	949.8596223749998	51.0	35.5	106.0
PF3D7_0402100	0.007115131547795238	814.1932698749999	51.0	13.0	-84.0
PF3D7_0402200	1.46918915520106e-05	186.18278325	47.25	4.0	-102.0
PF3D7_0402300	1.46918915520106e-05	25.53258675	49.5	3.25	-102.0
PF3D7_0402400	0.11143167772483249	983.1087802499999	51.0	5.5	-72.0
PF3D7_0402900	1.0	3.013175625	48.125	19.375	-34.0
PF3D7_0403100	1.0	4.9951740000000004	48.125	30.4375	-40.0
PF3D7_0403200	0.34159160256630494	50.014466249999984	51.0	14.5	-66.0
PF3D7_0403300	0.0001698261780107018	11.310531	45.0	9.25	-96.0
PF3D7_0403400	0.0001698261780107018	34.13313637500001	49.5	11.5	-96.0
PF3D7_0403500	0.16453699804109032	9.693599625000001	51.0	34.0	70.0
PF3D7_0403600	7.932217418824561e-05	18.674344875000003	51.0	44.5	98.0
PF3D7_0403700	0.16453699804109032	54.87970012499998	51.0	17.5	-70.0
PF3D7_0403800	0.16453699804109032	18.945186375	45.0	7.75	-70.0
PF3D7_0403900	1.46918915520106e-05	3.122757	51.0	47.5	102.0
PF3D7_0404000	0.1379843378829614	13.557108375000002	47.57142857142857	18.785714285714285	-71.0
PF3D7_0404200	0.048426734117954354	7.737106124999999	51.0	41.5	76.0
PF3D7_0404300	1.0	82.76464050000003	48.125	17.25	-46.0
PF3D7_0404400	0.4810985075880909	7.945572749999998	49.5	40.25	64.0
PF3D7_0404600	1.0	12.746621624999998	48.125	15.375	-36.0
PF3D7_0404700	0.0006803297011630345	23.819171625000003	45.0	4.0	-92.0
PF3D7_0404800	0.4810985075880909	3.907480875	51.0	47.5	64.0
PF3D7_0404900	1.0	14.434780875000001	48.125	30.03125	-10.0
PF3D7_0405000	0.048426734117954354	41.792380125	51.0	14.5	-76.0
PF3D7_0405100	1.0	37.301038875	48.125	18.375	-40.0
PF3D7_0405200	0.11143167772483249	9.359581125	51.0	44.5	72.0
PF3D7_0405400	1.0	43.15659937500003	48.125	20.25	-32.0
PF3D7_0405500	1.0	16.67267025000001	48.125	26.75	-36.0
PF3D7_0405600	1.0	11.926349625000002	48.125	16.40625	-26.0
PF3D7_0405700	0.074149409439216	30.687202500000005	51.0	37.0	74.0
PF3D7_0405800	0.011903316453167643	20.438187375000002	51.0	41.5	82.0
PF3D7_0405900	0.0012842624885035599	20.666656875	49.5	40.25	90.0
PF3D7_0406000	0.6680367990420074	28.250425874999998	51.0	32.5	62.0
PF3D7_0406100	0.0001698261780107018	146.55250575000005	51.0	31.0	96.0
PF3D7_0406200	7.932217418824561e-05	2090.4132386250003	45.0	25.0	98.0
PF3D7_0406400	0.01943095169546062	45.06059849999999	51.0	37.0	80.0
PF3D7_0406500	0.00034707262534643487	73.39035375000002	49.5	13.75	-94.0
PF3D7_0406600	0.005628463309452892	10.926772499999998	51.0	43.75	85.0
PF3D7_0406700	0.0012842624885035599	3.9095321249999992	51.0	43.0	90.0
PF3D7_0406800	0.0001698261780107018	31.735059375	51.0	46.0	96.0
PF3D7_0407000	0.0012842624885035599	25.535191124999997	51.0	13.0	-90.0
PF3D7_0407100	0.0006803297011630345	15.867103125	45.0	6.25	-92.0
PF3D7_0407200	0.031003550035172057	127.43587575000002	51.0	16.0	-78.0
PF3D7_0407300	0.048426734117954354	74.15440575000001	51.0	13.0	-76.0
PF3D7_0407400	0.01943095169546062	70.17152662500001	51.0	38.5	80.0
PF3D7_0407500	0.031003550035172057	15.908100749999997	51.0	34.0	78.0
PF3D7_0407700	3.516389639901545e-05	6.180805124999999	45.0	4.0	-100.0
PF3D7_0407800	3.516389639901545e-05	11.794279125000001	45.0	4.0	-100.0
PF3D7_0407900	6.804813352432401e-07	37.06516725	51.0	46.0	108.0
PF3D7_0408000	2.0695381558476795e-06	92.34543750000002	51.0	4.0	-106.0
PF3D7_0408100	6.804813352432401e-07	36.305975624999995	45.0	13.0	-108.0
PF3D7_0408300	1.0	44.104049625000016	48.125	24.75	-48.0
PF3D7_0408400	0.11143167772483249	5.195474999999999	51.0	43.0	72.0
PF3D7_0408500	0.002342695994481709	27.73858125	51.0	44.5	88.0
PF3D7_0408900.1	0.02521725086531634	11.02693425	51.0	42.25	79.0
PF3D7_0408900.2	7.932217418824561e-05	21.4828755	51.0	41.5	98.0
PF3D7_0409100	0.00034707262534643487	160.27774274999996	51.0	11.5	-94.0
PF3D7_0409200	0.6680367990420074	34.85903399999998	51.0	11.5	-62.0
PF3D7_0409300	0.11143167772483249	15.4683975	51.0	14.5	-72.0
PF3D7_0409400	0.0006803297011630345	54.253525874999994	51.0	32.5	92.0
PF3D7_0409500	0.00034707262534643487	15.813247875	51.0	44.5	94.0
PF3D7_0409600	0.0012842624885035599	57.849684	51.0	43.0	90.0
PF3D7_0409700	0.00034707262534643487	50.89668937499999	51.0	41.5	94.0
PF3D7_0409800	0.0006803297011630345	49.127527500000014	49.5	13.75	-92.0
PF3D7_0409900	0.23894651657040047	2.15231925	45.0	4.0	-68.0
PF3D7_0410000	0.002342695994481709	238.4515095	45.0	19.75	-88.0
PF3D7_0410300	0.23894651657040047	23.299820249999993	45.0	13.0	-68.0
PF3D7_0410400	1.0	11.210648249999998	48.125	17.40625	-28.0
PF3D7_0410600	0.0006803297011630345	105.18096374999999	51.0	35.5	92.0
PF3D7_0410700	0.002342695994481709	23.035743749999998	51.0	44.5	88.0
PF3D7_0410800	0.004141795071110547	31.14057224999999	51.0	38.5	86.0
PF3D7_0410900	0.031003550035172057	22.281416625000002	51.0	31.0	78.0
PF3D7_0411000	3.516389639901545e-05	138.0147705	45.0	25.0	100.0
PF3D7_0411100	0.015667134074314134	15.210139125000001	51.0	41.5	81.0
PF3D7_0411800	0.0012842624885035599	6.205958249999998	51.0	41.5	90.0
PF3D7_0411900	0.002342695994481709	22.81610175	51.0	40.0	88.0
PF3D7_0412000	0.011903316453167643	43.0042395	51.0	40.0	82.0
PF3D7_0412100	0.23894651657040047	26.181516	49.5	44.5	68.0
PF3D7_0413500	1.46918915520106e-05	16.616629499999995	51.0	44.5	102.0
PF3D7_0413600	0.34159160256630494	191.37501525000005	51.0	44.5	66.0
PF3D7_0413700	0.6680367990420074	160.37761087500002	51.0	43.0	62.0
PF3D7_0413800	0.02521725086531634	4.4891872500000005	51.0	43.0	79.0
PF3D7_0413900	1.0	19.24781849999999	48.125	32.40625	-34.0
PF3D7_0414000	0.002342695994481709	39.185679	51.0	41.5	88.0
PF3D7_0414200.1	0.6680367990420074	1.98832275	51.0	44.5	62.0
PF3D7_0414300	1.0	30.420671250000012	48.125	34.46875	-18.0
PF3D7_0414600	5.735652685057447e-06	24.99820125	51.0	44.5	104.0
PF3D7_0414700	7.932217418824561e-05	16.581696375	51.0	43.0	98.0
PF3D7_0414800	7.932217418824561e-05	7.399748249999999	49.5	17.25	-98.0
PF3D7_0414900	3.516389639901545e-05	44.981833125	45.0	4.0	-100.0
PF3D7_0415000	0.048426734117954354	35.821423125	45.0	13.75	-76.0
PF3D7_0415100	0.23894651657040047	31.223554125	51.0	14.5	-68.0
PF3D7_0415200	0.074149409439216	8.784862500000001	51.0	46.0	74.0
PF3D7_0415300	0.004141795071110547	149.318963625	51.0	16.0	-86.0
PF3D7_0415400	0.4810985075880909	46.76180137500001	45.0	7.0	-64.0
PF3D7_0415500	0.9151609289079528	31.487302874999955	51.0	17.5	-60.0
PF3D7_0415600	0.00034707262534643487	21.628257375	51.0	37.0	94.0
PF3D7_0415900	2.0008650961031914e-07	3347.189483250001	45.0	25.0	110.0
PF3D7_0416000	0.01943095169546062	102.529370625	51.0	38.5	80.0
PF3D7_0416100	0.0006803297011630345	38.314716000000004	51.0	43.0	92.0
PF3D7_0416200	0.0001698261780107018	125.86479150000002	49.5	15.25	-96.0
PF3D7_0416300	0.0006803297011630345	16.3577925	51.0	43.0	92.0
PF3D7_0416400	0.031003550035172057	89.51020237499999	51.0	38.5	78.0
PF3D7_0416500	0.074149409439216	4.12933125	51.0	44.5	74.0
PF3D7_0416600	0.02521725086531634	6.305251500000001	51.0	40.75	79.0
PF3D7_0416700	0.34159160256630494	98.06634824999998	51.0	44.5	66.0
PF3D7_0416800	1.0	327.070667625	48.125	34.46875	-16.0
PF3D7_0416900	1.0	8.810347125	48.125	24.09375	-16.0
PF3D7_0417200	6.804813352432401e-07	61.08110624999999	51.0	43.0	108.0
PF3D7_0417300	0.048426734117954354	45.736097625	51.0	32.5	76.0
PF3D7_0417400	0.074149409439216	21.789260624999987	45.0	20.5	-74.0
PF3D7_0417500.1	0.004141795071110547	105.10671112500002	51.0	41.5	86.0
PF3D7_0417800	0.074149409439216	51.71078287500001	51.0	34.0	74.0
PF3D7_0418100	0.007115131547795238	44.11581375	51.0	17.5	-84.0
PF3D7_0418200	0.007115131547795238	102.52233674999998	51.0	19.0	-84.0
PF3D7_0418300	5.735652685057447e-06	947.8975091250002	51.0	11.5	-104.0
PF3D7_0418400	0.16453699804109032	101.06720100000001	51.0	29.5	70.0
PF3D7_0418500	0.4810985075880909	79.46755200000001	51.0	44.5	64.0
PF3D7_0418600	5.735652685057447e-06	10.807555125	45.0	4.0	-104.0
PF3D7_0418700	1.0	41.40588562499999	48.125	18.21875	-44.0
PF3D7_0419100	0.048426734117954354	25.019649375000007	51.0	41.5	76.0
PF3D7_0419200	1.0	6.247383375	48.125	25.34375	-16.0
PF3D7_0419300	0.0001698261780107018	6.346099875	51.0	44.5	96.0
PF3D7_0419400	6.804813352432401e-07	0.57807675	51.0	46.0	108.0
PF3D7_0419500	0.0012842624885035599	16.636998375	49.5	9.25	-90.0
PF3D7_0419600	0.002342695994481709	828.36921525	49.5	7.75	-88.0
PF3D7_0419700	0.00034707262534643487	10.206915375000001	49.5	40.25	94.0
PF3D7_0419800	7.932217418824561e-05	154.337538	51.0	14.5	-98.0
PF3D7_0419900	0.01943095169546062	41.82806775	45.0	17.5	-80.0
PF3D7_0420000	0.0001698261780107018	42.14283712500002	51.0	13.0	-96.0
PF3D7_0420100	0.0006803297011630345	100.13365874999997	51.0	13.0	-92.0
PF3D7_0420300	1.46918915520106e-05	57.672758625000014	49.5	32.5	102.0
PF3D7_0420400	0.0006803297011630345	59.42224425	51.0	41.5	92.0
PF3D7_0420600	1.46918915520106e-05	15.3689295	51.0	44.5	102.0
PF3D7_0421500	0.011903316453167643	92.93830200000001	48.0	40.0	82.0
PF3D7_0421600	0.6680367990420074	11.115255000000001	49.5	17.25	-62.0
PF3D7_0422000	0.074149409439216	154.400686125	51.0	38.5	74.0
PF3D7_0422100	1.0	29.157637124999994	48.125	33.4375	-22.0
PF3D7_0422200	1.0	13.387222499999998	48.125	33.4375	-26.0
PF3D7_0422300	1.0	25.229713875	48.125	30.4375	-26.0
PF3D7_0422400	7.932217418824561e-05	3651.123499499999	51.0	29.5	98.0
PF3D7_0422500	0.007115131547795238	40.60853737499997	51.0	13.0	-84.0
PF3D7_0422600	1.0	8.804694375	48.125	18.90625	-42.0
PF3D7_0422700	0.9151609289079528	59.1696075	51.0	22.0	-60.0
PF3D7_0422800	0.02521725086531634	3.9497103749999996	51.0	41.5	79.0
PF3D7_0422900	7.932217418824561e-05	14.927050125000001	51.0	41.5	98.0
PF3D7_0423000	0.1379843378829614	6.4688055	51.0	46.0	71.0
PF3D7_0423100	1.0	58.30482262500003	48.125	18.375	-24.0
PF3D7_0423200	1.0	25.440200625000006	48.125	17.875	-48.0
PF3D7_0423300	0.0006803297011630345	2.281911	45.0	4.0	-92.0
PF3D7_0423400	0.011903316453167643	8.943392625000001	45.0	4.0	-82.0
PF3D7_0423500	5.735652685057447e-06	62.201902874999995	49.5	17.25	-104.0
PF3D7_0423600	0.011903316453167643	21.380353874999997	45.0	14.5	-82.0
PF3D7_0423700	0.11143167772483249	233.056392	51.0	40.0	72.0
PF3D7_0423800	0.0001698261780107018	11.663005875000003	49.5	40.25	96.0
PF3D7_0423900	0.11143167772483249	39.55590600000001	51.0	7.0	-72.0
PF3D7_0424000	0.002342695994481709	363.11315062499995	51.0	31.0	88.0
PF3D7_0424100	0.0012842624885035599	7.20888975	45.0	4.0	-90.0
PF3D7_0424300	0.011903316453167643	4.60596675	49.5	1.75	-82.0
PF3D7_0424500	0.011903316453167643	194.01961912500002	51.0	13.0	-82.0
PF3D7_0424600	0.004141795071110547	255.02701162500006	51.0	11.5	-86.0
PF3D7_0424700	5.735652685057447e-06	1325.610514125	51.0	22.0	-104.0
PF3D7_0424800	0.01943095169546062	17.173724999999997	51.0	13.0	-80.0
PF3D7_0424900	0.0012842624885035599	51.345955875000016	51.0	14.5	-90.0
PF3D7_0500800	0.0012842624885035599	482.1231855	51.0	37.0	90.0
PF3D7_0500900	0.16453699804109032	5.637774375	51.0	43.0	70.0
PF3D7_0501000	5.735652685057447e-06	1115.9381407500002	51.0	31.0	104.0
PF3D7_0501100.1	0.048426734117954354	825.261967125	51.0	13.0	-76.0
PF3D7_0501100.2	0.074149409439216	85.37985900000001	51.0	13.0	-74.0
PF3D7_0501200	6.804813352432401e-07	1075.007750625	51.0	32.5	108.0
PF3D7_0501300	0.0001698261780107018	17243.803856625	51.0	16.0	-96.0
PF3D7_0501400	0.007115131547795238	3236.1304199999995	51.0	13.0	-84.0
PF3D7_0501500	2.0695381558476795e-06	7.126416750000001	49.5	17.25	-106.0
PF3D7_0501600	5.735652685057447e-06	14.739255375	49.5	40.25	104.0
PF3D7_0501800	0.00034707262534643487	51.29796075	51.0	41.5	94.0
PF3D7_0501900	1.0	3.7600635000000002	48.125	28.4375	-34.0
PF3D7_0502000	0.0012842624885035599	13.715866125000002	45.0	13.0	-90.0
PF3D7_0502100	0.16453699804109032	9.243026624999999	51.0	41.5	70.0
PF3D7_0502200	0.4810985075880909	18.659848874999994	51.0	34.0	64.0
PF3D7_0502400	0.01943095169546062	382.35239850000005	51.0	13.0	-80.0
PF3D7_0502700	1.0	22.6739805	48.125	32.40625	-38.0
PF3D7_0502800	0.048426734117954354	25.3909935	46.8	18.4	-76.0
PF3D7_0502900	0.34159160256630494	698.6994633749999	51.0	38.5	66.0
PF3D7_0503000	1.46918915520106e-05	87.74182462499999	51.0	44.5	102.0
PF3D7_0503100	0.01943095169546062	13.2253545	51.0	38.5	80.0
PF3D7_0503200	7.932217418824561e-05	11.797798125	51.0	43.0	98.0
PF3D7_0503300	1.0	144.78201637500004	48.125	26.1875	-18.0
PF3D7_0503400	6.804813352432401e-07	802.6851209999999	51.0	47.5	108.0
PF3D7_0503600	0.011903316453167643	14.285582625000004	45.0	4.0	-82.0
PF3D7_0503800	6.804813352432401e-07	2253.092852625	51.0	31.0	108.0
PF3D7_0504000	0.048426734117954354	47.480472	51.0	38.5	76.0
PF3D7_0504100	0.0001698261780107018	17.992339875	51.0	43.0	96.0
PF3D7_0504200	6.804813352432401e-07	19.811811	51.0	43.0	108.0
PF3D7_0504400	7.932217418824561e-05	36.53055075	51.0	41.5	98.0
PF3D7_0504600	7.932217418824561e-05	11.903993625000002	51.0	44.5	98.0
PF3D7_0504800	7.932217418824561e-05	7.997830125000001	51.0	43.0	98.0
PF3D7_0504900	0.007115131547795238	35.283929625	51.0	46.0	84.0
PF3D7_0505000	0.23894651657040047	20.392098	51.0	19.0	-68.0
PF3D7_0505100	0.6680367990420074	9.250913249999998	51.0	35.5	62.0
PF3D7_0505200	0.011903316453167643	30.850492125	51.0	38.5	82.0
PF3D7_0505400	3.516389639901545e-05	14.620805999999998	51.0	43.0	100.0
PF3D7_0505500	0.34159160256630494	52.723032	51.0	43.0	66.0
PF3D7_0505600	1.0	7.0773948749999995	48.125	23.09375	-16.0
PF3D7_0505700	1.0	63.469915125	48.125	21.375	-58.0
PF3D7_0505800	0.031003550035172057	1804.2094308750006	51.0	40.0	78.0
PF3D7_0505900	0.34159160256630494	356.73962850000004	51.0	43.0	66.0
PF3D7_0506000	1.0	11.4571635	48.125	22.25	-32.0
PF3D7_0506100	0.34159160256630494	43.45962525	45.0	10.75	-66.0
PF3D7_0506200	0.002342695994481709	33.27582075000001	51.0	8.5	-88.0
PF3D7_0506300	0.0001698261780107018	33.84815175	51.0	41.5	96.0
PF3D7_0506500	0.4810985075880909	10.370392875000006	51.0	32.5	64.0
PF3D7_0506700	0.16453699804109032	27.139851375	51.0	32.5	70.0
PF3D7_0506800	0.007115131547795238	18.163022249999994	45.0	18.25	-84.0
PF3D7_0506900	0.0001698261780107018	22.804563375	51.0	44.5	96.0
PF3D7_0507000	0.34159160256630494	11.8017015	51.0	43.0	66.0
PF3D7_0507100	0.0001698261780107018	2693.039050875	48.0	23.5	-96.0
PF3D7_0507200	0.0006803297011630345	4.2572741249999995	48.0	27.166666666666668	-92.0
PF3D7_0507400	7.932217418824561e-05	34.978516875	49.5	1.75	-98.0
PF3D7_0507500	0.11143167772483249	29.193564374999998	49.5	17.25	-72.0
PF3D7_0507600	1.0	33.82228424999999	48.125	33.4375	-26.0
PF3D7_0507700	1.0	26.08852537500001	48.125	32.40625	-28.0
PF3D7_0507800	0.0012842624885035599	76.96872750000006	51.0	13.0	-90.0
PF3D7_0507900	1.0	47.590385999999995	48.125	17.40625	-20.0
PF3D7_0508000	6.804813352432401e-07	8.6508135	51.0	47.5	108.0
PF3D7_0508100	3.516389639901545e-05	6.493701	51.0	47.5	100.0
PF3D7_0508200	1.0	27.954962625000004	48.125	34.375	-12.0
PF3D7_0508300	0.11143167772483249	130.27767675	51.0	35.5	72.0
PF3D7_0508400	1.0	18.202420125	48.125	34.697916666666664	-12.0
PF3D7_0508500	0.048426734117954354	3.9934102499999993	45.0	4.75	-76.0
PF3D7_0508600	0.007115131547795238	100.67307824999996	45.0	13.75	-84.0
PF3D7_0508700	1.0	28.47876675	48.125	15.84375	-56.0
PF3D7_0508800	0.031003550035172057	92.13912787499999	51.0	41.5	78.0
PF3D7_0508900	0.002342695994481709	6.817245375000001	49.5	17.25	-88.0
PF3D7_0509000	0.34159160256630494	75.6185505	51.0	38.5	66.0
PF3D7_0509100	7.932217418824561e-05	9.2187015	51.0	44.5	98.0
PF3D7_0509300	1.0	16.55901187499999	48.125	31.9375	-34.0
PF3D7_0509400	0.002342695994481709	64.915443375	51.0	16.0	-88.0
PF3D7_0509500	0.34159160256630494	5.102220375000001	51.0	47.5	66.0
PF3D7_0509600	0.11143167772483249	53.19723375000001	51.0	35.5	72.0
PF3D7_0509800	1.0	18.109146374999987	48.125	13.6875	-50.0
PF3D7_0510100	0.002342695994481709	42.322596375	51.0	44.5	88.0
PF3D7_0510200	1.0	15.944248124999994	48.125	16.375	-58.0
PF3D7_0510500	1.0	26.702525250000004	48.125	31.40625	-16.0
PF3D7_0511000	0.16453699804109032	908.3219313750001	51.0	35.5	70.0
PF3D7_0511100	0.16453699804109032	15.307082624999996	45.0	22.0	-70.0
PF3D7_0511200	1.0	6.923049374999999	48.125	29.40625	-42.0
PF3D7_0511300	0.34159160256630494	15.33251925	51.0	38.5	66.0
PF3D7_0511500	7.932217418824561e-05	104.94148537500004	51.0	11.5	-98.0
PF3D7_0511600	0.4810985075880909	3.853883625	46.8	4.9	-64.0
PF3D7_0511800	1.0	89.03078099999993	48.125	30.4375	-44.0
PF3D7_0512000	0.004141795071110547	371.402523375	51.0	34.0	86.0
PF3D7_0512100	0.007115131547795238	41.015456625	51.0	42.25	84.0
PF3D7_0512200	7.932217418824561e-05	23.712168	51.0	34.0	98.0
PF3D7_0512300	1.0	14.418611624999999	48.125	34.375	-4.0
PF3D7_0512400	0.074149409439216	8.326036875000003	49.5	13.75	-74.0
PF3D7_0512600	1.0	184.483161	48.125	30.90625	-26.0
PF3D7_0512700	0.002342695994481709	65.877410625	51.0	35.5	88.0
PF3D7_0512800	3.516389639901545e-05	22.88977275	51.0	37.0	100.0
PF3D7_0513000	0.007115131547795238	29.13672225	51.0	38.5	84.0
PF3D7_0513100	0.011903316453167643	9.846895875000001	47.4	31.4	-82.0
PF3D7_0513200	0.01943095169546062	25.588732124999996	45.0	14.5	-80.0
PF3D7_0513300	0.004141795071110547	1711.20309975	51.0	38.5	86.0
PF3D7_0513400	0.074149409439216	22.579704749999998	51.0	38.5	74.0
PF3D7_0513500	0.16453699804109032	38.3478315	47.25	23.875	-70.0
PF3D7_0513600	0.011903316453167643	118.39057650000001	51.0	38.5	82.0
PF3D7_0513800	0.031003550035172057	194.60555850000003	51.0	41.5	78.0
PF3D7_0513900	0.0018134792414926343	14.895957000000003	51.0	43.0	89.0
PF3D7_0514100	0.0006803297011630345	10.245486375	51.0	41.5	92.0
PF3D7_0514200	1.0	7.027202999999999	48.125	33.90625	-8.0
PF3D7_0514300	0.11143167772483249	33.378865125	51.0	35.5	72.0
PF3D7_0514600	1.0	74.939512875	48.125	15.21875	-46.0
PF3D7_0514800	1.0	5.98717425	48.125	17.40625	-24.0
PF3D7_0514900	0.048426734117954354	10.9739505	46.0	12.0	-76.0
PF3D7_0515000	0.007115131547795238	67.87399987499997	45.0	13.75	-84.0
PF3D7_0515100	0.007115131547795238	15.63580275	51.0	40.0	84.0
PF3D7_0515200	0.5745676533150491	6.103669874999999	51.0	41.5	63.0
PF3D7_0515300	1.0	11.060865749999998	48.125	31.9375	-22.0
PF3D7_0515400	7.932217418824561e-05	11.010373499999998	45.0	4.0	-98.0
PF3D7_0515700	5.124670303241732e-08	54.36150487499999	49.5	40.25	112.0
PF3D7_0515800	0.34159160256630494	83.76039	51.0	40.0	66.0
PF3D7_0515900	0.031003550035172057	36.9979875	51.0	37.0	78.0
PF3D7_0516200	0.00034707262534643487	3629.285370375	51.0	22.0	-94.0
PF3D7_0516300	1.46918915520106e-05	60.31914375000001	49.5	28.0	102.0
PF3D7_0516400	0.6680367990420074	14.676528374999993	51.0	44.5	62.0
PF3D7_0516600	0.34159160256630494	39.77664337499999	51.0	43.0	66.0
PF3D7_0516700	0.0006803297011630345	76.38867037500003	45.0	15.25	-92.0
PF3D7_0516800	0.0012842624885035599	7.90606575	51.0	47.5	90.0
PF3D7_0516900	5.735652685057447e-06	2237.5096946249996	45.0	25.0	104.0
PF3D7_0517000	3.516389639901545e-05	2737.154140874999	51.0	29.5	100.0
PF3D7_0517100	0.007115131547795238	19.441616625000005	51.0	43.0	84.0
PF3D7_0517200	1.0	40.94315475000002	48.125	18.84375	-28.0
PF3D7_0517300	0.074149409439216	3902.9568742499996	51.0	11.5	-74.0
PF3D7_0517400	0.031003550035172057	130.7216535	51.0	37.0	78.0
PF3D7_0517700	0.34159160256630494	117.19422562500003	51.0	31.0	66.0
PF3D7_0517900	0.23894651657040047	8.281449000000002	45.0	4.75	-68.0
PF3D7_0518000	0.031003550035172057	42.12215099999998	45.0	13.75	-78.0
PF3D7_0518100	0.074149409439216	29.553760125000004	51.0	35.5	74.0
PF3D7_0518200	0.048426734117954354	30.618384750000004	51.0	43.0	76.0
PF3D7_0518300	0.048426734117954354	443.94962287500005	51.0	38.5	76.0
PF3D7_0518500	0.11143167772483249	52.18834612499998	45.0	13.0	-72.0
PF3D7_0518600	0.34159160256630494	6.647740874999999	51.0	43.0	66.0
PF3D7_0519000	0.0018134792414926343	23.31759075	51.0	40.0	89.0
PF3D7_0519100	0.048426734117954354	54.797566875	51.0	43.0	76.0
PF3D7_0519200	1.0	390.35478787500017	48.125	34.697916666666664	-6.0
PF3D7_0519300	0.11143167772483249	11.424851625	51.0	38.5	72.0
PF3D7_0519400	1.46918915520106e-05	1214.4027843749998	51.0	29.5	102.0
PF3D7_0519500	0.004141795071110547	67.951372125	51.0	34.0	86.0
PF3D7_0519600	1.0	15.0867045	48.125	19.78125	-34.0
PF3D7_0519700	1.0	310.1900576250002	48.125	21.84375	-32.0
PF3D7_0519800	0.007115131547795238	203.26056825	51.0	19.0	-84.0
PF3D7_0519900	0.34159160256630494	15.118659375	51.0	44.5	66.0
PF3D7_0520000	5.735652685057447e-06	2546.319823499999	51.0	29.5	104.0
PF3D7_0520100	0.011903316453167643	20.414587500000003	48.0	27.0	82.0
PF3D7_0520200	0.34159160256630494	29.16674475	51.0	43.0	66.0
PF3D7_0520300	0.9151609289079528	88.57361887500002	51.0	43.0	60.0
PF3D7_0520400	0.16453699804109032	13.948523624999998	51.0	46.0	70.0
PF3D7_0520500	1.0	25.164350624999997	48.125	34.875	-10.0
PF3D7_0520600	7.932217418824561e-05	1013.9970333749998	51.0	22.0	-98.0
PF3D7_0520700	0.031003550035172057	9.157122374999995	51.0	20.5	-78.0
PF3D7_0520800	0.34159160256630494	14.832805874999998	51.0	43.0	66.0
PF3D7_0520900	1.0	248.12544712499988	48.125	30.90625	-46.0
PF3D7_0521000	0.4810985075880909	34.82253599999999	51.0	34.0	64.0
PF3D7_0521300	0.00034707262534643487	13.430194874999998	48.0	11.5	-94.0
PF3D7_0521400	1.0	9.116148750000006	48.125	30.4375	-30.0
PF3D7_0521500	1.0	7.477297875000003	48.125	13.15625	-22.0
PF3D7_0521600	1.0	11.034776625	48.125	16.875	-58.0
PF3D7_0521700	1.0	8.032138125	48.125	12.927083333333334	-50.0
PF3D7_0522000	1.0	102.375639	48.125	33.90625	-16.0
PF3D7_0522100	1.0	8.341591499999998	48.125	13.15625	-48.0
PF3D7_0522200	1.0	35.818079250000004	48.125	29.03125	-10.0
PF3D7_0522300	0.074149409439216	99.48034012499998	51.0	16.0	-74.0
PF3D7_0522400	3.516389639901545e-05	0.3999674999999999	51.0	47.5	100.0
PF3D7_0522500	0.00034707262534643487	58.998555374999995	51.0	41.5	94.0
PF3D7_0522600	1.46918915520106e-05	3.4329292500000004	51.0	47.5	102.0
PF3D7_0522700	0.23894651657040047	6.160116	51.0	41.5	68.0
PF3D7_0522800	1.0	81.53886299999999	48.125	33.90625	-20.0
PF3D7_0523000	0.23894651657040047	400.4576396249999	51.0	13.0	-68.0
PF3D7_0523100	0.11143167772483249	66.80587687499998	51.0	37.0	72.0
PF3D7_0523300	0.007115131547795238	52.55816624999999	51.0	43.0	84.0
PF3D7_0523400	0.23894651657040047	87.63686287500002	51.0	32.5	68.0
PF3D7_0523600	0.005628463309452892	33.783876750000005	51.0	42.25	85.0
PF3D7_0523800	0.0006803297011630345	45.990484499999994	45.0	13.75	-92.0
PF3D7_0523900	1.0	21.448738124999995	48.125	13.8125	-40.0
PF3D7_0524000	0.074149409439216	275.6184149999999	51.0	13.0	-74.0
PF3D7_0524100	0.002342695994481709	52.61848725	46.0	10.5	-88.0
PF3D7_0524200	1.0	2.1859923749999997	48.125	24.375	-57.0
PF3D7_0524300	1.0	18.09983249999999	48.125	31.5625	-10.0
PF3D7_0524400	0.002342695994481709	295.418556375	51.0	13.0	-88.0
PF3D7_0524500	0.23894651657040047	53.46231712499999	45.0	13.0	-68.0
PF3D7_0524600	0.0012842624885035599	10.9853535	51.0	44.5	90.0
PF3D7_0524700	0.00034707262534643487	288.76437525	51.0	34.0	94.0
PF3D7_0524900	0.16453699804109032	38.706460875000005	51.0	19.0	-70.0
PF3D7_0525000	0.011903316453167643	176.37513975	51.0	34.0	82.0
PF3D7_0525100	7.932217418824561e-05	152.79646125000008	49.5	3.25	-98.0
PF3D7_0525200	5.735652685057447e-06	15.592204874999998	51.0	44.5	104.0
PF3D7_0525400	2.0695381558476795e-06	2.2635453749999996	51.0	46.0	106.0
PF3D7_0525500	0.048426734117954354	11.288687999999997	51.0	19.0	-76.0
PF3D7_0525600	1.46918915520106e-05	27.388898250000004	51.0	43.0	102.0
PF3D7_0525700	0.007115131547795238	53.188758375000006	51.0	41.5	84.0
PF3D7_0525800	1.46918915520106e-05	181.049762625	45.0	4.0	-102.0
PF3D7_0526200.1	0.01943095169546062	52.309654875	51.0	38.5	80.0
PF3D7_0526200.2	0.031003550035172057	9.040296	51.0	38.5	78.0
PF3D7_0526300	0.16453699804109032	36.82143937499999	51.0	14.5	-70.0
PF3D7_0526400	0.00034707262534643487	3.2127989999999995	51.0	47.5	94.0
PF3D7_0526500	0.011903316453167643	103.989960375	51.0	14.5	-82.0
PF3D7_0526600	0.048426734117954354	15.662625375000001	51.0	38.5	76.0
PF3D7_0526700	0.34159160256630494	21.025427625	51.0	43.0	66.0
PF3D7_0526800	0.23894651657040047	88.10576850000004	51.0	19.0	-68.0
PF3D7_0526900	0.4810985075880909	178.14452287500012	45.0	16.0	-64.0
PF3D7_0527000	7.932217418824561e-05	134.034874875	51.0	43.0	98.0
PF3D7_0527100	0.9151609289079528	406.8490980000001	45.0	5.5	-60.0
PF3D7_0527200	1.0	81.83945925000005	48.125	32.40625	-28.0
PF3D7_0527300	0.048426734117954354	117.27695625000001	51.0	13.0	-76.0
PF3D7_0527400	0.007115131547795238	572.9307352499999	51.0	13.0	-84.0
PF3D7_0527500	1.0	670.6161701250003	48.125	13.3125	-52.0
PF3D7_0527600	0.34159160256630494	43.039496625000005	51.0	44.5	66.0
PF3D7_0527900	0.031003550035172057	70.66891762500002	51.0	13.0	-78.0
PF3D7_0528000	1.0	30.002061374999997	48.125	33.4375	-18.0
PF3D7_0528100	0.9151609289079528	50.33336812499999	48.0	27.166666666666668	-60.0
PF3D7_0528200	1.0	147.80373525	48.125	19.25	-58.0
PF3D7_0528300	0.002342695994481709	4.070746874999999	45.0	4.0	-88.0
PF3D7_0528400	0.00034707262534643487	13.970210250000001	45.0	4.0	-94.0
PF3D7_0528500	0.004141795071110547	1.2295027500000002	51.0	44.5	86.0
PF3D7_0528600	0.11143167772483249	138.99517949999995	48.0	11.5	-72.0
PF3D7_0528700	0.0012842624885035599	189.63229012500005	51.0	13.0	-90.0
PF3D7_0528800	0.01943095169546062	37.31385974999999	51.0	14.5	-80.0
PF3D7_0529000	1.0	39.34443112499999	48.125	26.40625	-44.0
PF3D7_0529100	0.009509224000481441	87.93729975000001	51.0	41.5	83.0
PF3D7_0529300	0.011903316453167643	14.99362725	51.0	41.5	82.0
PF3D7_0529400.1	0.0006803297011630345	45.546350624999995	51.0	41.5	92.0
PF3D7_0529500	0.048426734117954354	89.41376962499997	45.0	25.0	76.0
PF3D7_0529800	0.0001698261780107018	15.09725775	51.0	43.0	96.0
PF3D7_0529900	0.0001698261780107018	238.1361735	49.0	13.5	-96.0
PF3D7_0530000	7.932217418824561e-05	284.74394175	49.5	17.25	-98.0
PF3D7_0530100	1.0	24.08351249999999	48.125	17.875	-42.0
PF3D7_0530200	0.00034707262534643487	22.001657625	51.0	41.5	94.0
PF3D7_0530300	1.46918915520106e-05	3.133373625	51.0	46.0	102.0
PF3D7_0530600	0.16453699804109032	15.417561375000004	45.0	13.0	-70.0
PF3D7_0530700	0.048426734117954354	11.426647499999993	51.0	17.5	-76.0
PF3D7_0530750	0.031003550035172057	5.494719375000001	51.0	42.25	78.0
PF3D7_0530900	0.0012842624885035599	0.732963375	49.5	17.25	-90.0
PF3D7_0531000	1.0	6.944500124999998	48.125	16.4375	-24.0
PF3D7_0531100	2.0008650961031914e-07	0.33486075	51.0	47.5	110.0
PF3D7_0531200	0.015667134074314134	15.554533499999998	51.0	40.0	81.0
PF3D7_0531300	0.074149409439216	7.14199275	51.0	41.5	74.0
PF3D7_0531400	0.01943095169546062	16.261882874999998	51.0	14.5	-80.0
PF3D7_0532100	0.0001698261780107018	17091.986682374998	51.0	32.5	96.0
PF3D7_0532200	1.0	35.594139375	48.125	20.75	-22.0
PF3D7_0532300	5.124670303241732e-08	882.038478	49.5	28.0	112.0
PF3D7_0532400	5.735652685057447e-06	333.57433725000004	51.0	31.0	104.0
PF3D7_0532500	0.34159160256630494	52.45642425	51.0	41.5	66.0
PF3D7_0532600	7.932217418824561e-05	28.9178595	51.0	34.0	98.0
PF3D7_0600300	0.007115131547795238	68.4075885	51.0	13.0	-84.0
PF3D7_0600600	0.007115131547795238	13.849602749999997	51.0	41.5	84.0
PF3D7_0601600	1.0	19.249885125000006	48.125	34.875	-10.0
PF3D7_0601700	0.074149409439216	26.359441874999998	51.0	41.5	74.0
PF3D7_0601900	5.124670303241732e-08	3246.372138375	49.5	26.5	112.0
PF3D7_0602000	0.031003550035172057	6.70302075	51.0	46.0	78.0
PF3D7_0602100	0.048426734117954354	75.529984125	51.0	16.0	-76.0
PF3D7_0602200	0.0006803297011630345	54.100299375000006	51.0	31.0	92.0
PF3D7_0602400	0.011903316453167643	121.64541975	51.0	38.5	82.0
PF3D7_0602500	0.011903316453167643	19.517583375	51.0	35.5	82.0
PF3D7_0602600	0.0006803297011630345	17.247372749999997	51.0	13.0	-92.0
PF3D7_0602900	5.735652685057447e-06	39.73776525000001	45.0	7.75	-104.0
PF3D7_0603000	0.00034707262534643487	23.660885249999993	45.0	13.0	-94.0
PF3D7_0603100	0.09279054358202424	2.86242375	51.0	38.5	73.0
PF3D7_0603200	0.0001698261780107018	39.399614250000006	51.0	43.0	96.0
PF3D7_0603300	1.46918915520106e-05	45.41802862499999	51.0	34.0	102.0
PF3D7_0603400	1.0	22.362624375000003	48.125	19.25	-56.0
PF3D7_0603500	0.23894651657040047	5.806245	51.0	44.5	68.0
PF3D7_0603700	0.011903316453167643	6.87712575	51.0	43.0	82.0
PF3D7_0603800	0.0012842624885035599	3.6503535000000005	51.0	47.5	90.0
PF3D7_0604100	1.46918915520106e-05	4.282971750000001	49.5	17.25	-102.0
PF3D7_0604200	0.002342695994481709	123.093720375	51.0	41.5	88.0
PF3D7_0604300	0.34159160256630494	20.7525645	49.5	44.5	66.0
PF3D7_0604500	0.0012842624885035599	106.77097612500006	51.0	5.5	-90.0
PF3D7_0604700	0.002342695994481709	45.822157125000004	51.0	41.5	88.0
PF3D7_0604900	3.516389639901545e-05	107.12029387500002	51.0	43.0	100.0
PF3D7_0605000	0.0006803297011630345	44.96865	51.0	40.0	92.0
PF3D7_0605100	0.4810985075880909	50.93902050000001	45.0	20.5	-64.0
PF3D7_0605200	0.002342695994481709	36.794318625	51.0	41.5	88.0
PF3D7_0605300	0.0012842624885035599	21.607094250000003	51.0	44.5	90.0
PF3D7_0605400	0.4810985075880909	6.829077	51.0	40.75	64.0
PF3D7_0605500	0.031003550035172057	2.552276625	51.0	44.5	78.0
PF3D7_0605800	0.0012842624885035599	19.749720374999995	51.0	46.0	90.0
PF3D7_0605900	5.735652685057447e-06	307.93612425000003	51.0	5.5	-104.0
PF3D7_0606000	0.004141795071110547	359.98431074999996	51.0	13.0	-86.0
PF3D7_0606100	0.11143167772483249	168.90624975000003	51.0	13.0	-72.0
PF3D7_0606200	0.6680367990420074	54.23731725000003	49.5	40.25	62.0
PF3D7_0606500	2.0695381558476795e-06	162.44367675000004	51.0	13.0	-106.0
PF3D7_0606600	0.031003550035172057	111.60021112499996	51.0	13.0	-78.0
PF3D7_0606700	0.007115131547795238	61.11119849999997	45.0	16.0	-84.0
PF3D7_0606800	0.048426734117954354	10.210185375000002	51.0	44.5	76.0
PF3D7_0606900	0.6680367990420074	31.151087250000014	51.0	41.5	62.0
PF3D7_0607000	0.23894651657040047	170.69132437500005	51.0	13.0	-68.0
PF3D7_0607200	0.00025844940167856834	3.8884725	51.0	43.0	95.0
PF3D7_0607400	1.0	14.017511625000001	48.125	33.90625	-18.0
PF3D7_0607600	7.932217418824561e-05	9.76966575	51.0	47.5	98.0
PF3D7_0607700	0.00034707262534643487	1.3120796250000002	49.5	17.25	-94.0
PF3D7_0607800	1.46918915520106e-05	19.790301000000003	51.0	43.0	102.0
PF3D7_0607900	1.46918915520106e-05	21.065265750000002	51.0	43.0	102.0
PF3D7_0608000	0.11143167772483249	47.880377625	51.0	38.5	72.0
PF3D7_0608100	0.11143167772483249	23.867989875000003	51.0	38.5	72.0
PF3D7_0608200	0.009509224000481441	40.4539245	51.0	41.5	83.0
PF3D7_0608310	1.0	5.785694249999999	48.125	25.3125	-46.0
PF3D7_0608400	0.074149409439216	91.24352775	51.0	44.5	74.0
PF3D7_0608500	0.074149409439216	662.708751375	51.0	40.0	74.0
PF3D7_0608600	0.9151609289079528	10.3557345	51.0	43.0	60.0
PF3D7_0608700	3.516389639901545e-05	240.26924550000004	51.0	32.5	100.0
PF3D7_0608800	5.735652685057447e-06	7185.808135874999	51.0	34.0	104.0
PF3D7_0608900	7.932217418824561e-05	3.225515625	51.0	41.5	98.0
PF3D7_0609000	1.0	15.939458999999989	48.125	13.625	-20.0
PF3D7_0609100	0.9151609289079528	85.31187375	51.0	13.0	-60.0
PF3D7_0609300	0.004141795071110547	9.088084875000002	51.0	43.0	86.0
PF3D7_0609400	0.074149409439216	36.287100375	51.0	35.5	74.0
PF3D7_0609700	0.0012842624885035599	230.46614362500003	51.0	13.0	-90.0
PF3D7_0609800	0.00034707262534643487	24.248437125	45.0	4.75	-94.0
PF3D7_0609900	0.0001698261780107018	16.594963500000002	45.0	9.25	-96.0
PF3D7_0610000	0.007115131547795238	22.357531125	51.0	40.0	84.0
PF3D7_0610100	0.074149409439216	70.997994	46.0	12.0	-74.0
PF3D7_0610200	1.0	12.920434125000002	48.125	13.15625	-46.0
PF3D7_0610400	3.516389639901545e-05	8256.323321625001	51.0	47.5	100.0
PF3D7_0610500	0.9151609289079528	127.33523737500002	51.0	29.5	60.0
PF3D7_0610600	0.031003550035172057	70.60973625000001	51.0	38.5	78.0
PF3D7_0610700	0.11143167772483249	321.5716383750001	51.0	16.0	-72.0
PF3D7_0610800	0.34159160256630494	267.547227375	51.0	11.5	-66.0
PF3D7_0610900	0.0006803297011630345	112.46237737499996	51.0	14.5	-92.0
PF3D7_0611000	0.061288071778585175	1.809673875	51.0	44.5	75.0
PF3D7_0611100	0.41134505507719793	29.399005125000002	51.0	41.5	65.0
PF3D7_0611200	0.0001698261780107018	61.704932625	51.0	38.5	96.0
PF3D7_0611300	0.005628463309452892	45.778374	51.0	41.5	85.0
PF3D7_0611400	1.0	13.520107875000004	48.125	16.875	-46.0
PF3D7_0611600	0.0012842624885035599	1.8058886249999997	45.0	4.0	-90.0
PF3D7_0611700	0.0006803297011630345	8259.591776250001	51.0	35.5	92.0
PF3D7_0611800	1.0	11.640870375	48.125	32.40625	-26.0
PF3D7_0611900	0.007115131547795238	150.17708475	51.0	40.0	84.0
PF3D7_0612000	0.03971514207656321	31.729138125	51.0	43.0	77.0
PF3D7_0612100	0.01943095169546062	39.45219825000001	51.0	16.0	-80.0
PF3D7_0612200	6.804813352432401e-07	4.932991499999999	51.0	47.5	108.0
PF3D7_0612300	0.01943095169546062	8.72204325	51.0	44.5	80.0
PF3D7_0612500	0.9151609289079528	40.359756	51.0	34.0	60.0
PF3D7_0612600	0.23894651657040047	30.907116750000004	51.0	32.5	68.0
PF3D7_0612700	0.002342695994481709	8.111927249999999	49.5	40.25	88.0
PF3D7_0612900	0.0006803297011630345	330.4843215	51.0	16.0	-92.0
PF3D7_0613000.1	0.09279054358202424	19.60440825	51.0	42.25	73.0
PF3D7_0613000.2	0.0005137011632547347	29.544048000000004	51.0	42.25	93.0
PF3D7_0613000.3	0.061288071778585175	77.84557724999999	51.0	43.0	75.0
PF3D7_0613100	1.0	184.17431925	48.125	34.375	-12.0
PF3D7_0613200	0.0001698261780107018	187.69042575	51.0	43.0	96.0
PF3D7_0613300	1.46918915520106e-05	5.3988914999999995	45.0	4.0	-102.0
PF3D7_0613400	0.0001698261780107018	150.393927375	51.0	44.5	96.0
PF3D7_0613500	0.11143167772483249	19.834228499999995	51.0	34.0	72.0
PF3D7_0613600	3.516389639901545e-05	4.55899125	51.0	44.5	100.0
PF3D7_0613700	0.11143167772483249	48.11866875	51.0	38.5	72.0
PF3D7_0613800	3.516389639901545e-05	13.089463875	49.5	40.25	100.0
PF3D7_0613900	1.46918915520106e-05	34.8796095	45.0	4.0	-102.0
PF3D7_0614000	3.516389639901545e-05	41.741514374999994	51.0	44.5	100.0
PF3D7_0614100	0.048426734117954354	3.298438125	51.0	44.5	76.0
PF3D7_0614200	1.0	5.536989374999999	48.125	13.395833333333334	-32.0
PF3D7_0614300	0.4810985075880909	301.8773261250001	49.5	28.0	64.0
PF3D7_0614400	0.007115131547795238	202.98310087499996	45.0	18.25	-84.0
PF3D7_0614500	1.46918915520106e-05	2213.948725124999	49.5	28.0	102.0
PF3D7_0614700	3.516389639901545e-05	2.273238	49.5	17.25	-100.0
PF3D7_0614800	0.0001698261780107018	109.34908312499999	51.0	40.0	96.0
PF3D7_0614900	2.0695381558476795e-06	6.114748125	51.0	44.5	106.0
PF3D7_0615000	0.11143167772483249	62.330763000000026	51.0	14.5	-72.0
PF3D7_0615300	0.4810985075880909	4.018432499999999	51.0	43.0	64.0
PF3D7_0615400	1.0	36.28503375000001	48.125	16.375	-46.0
PF3D7_0615500	0.002342695994481709	18.472900875	51.0	43.0	88.0
PF3D7_0615600	0.031003550035172057	12.745098749999995	47.25	17.875	-78.0
PF3D7_0615700	1.0	46.160834625000014	48.125	32.40625	-36.0
PF3D7_0615800	0.074149409439216	21.63590625	51.0	38.5	74.0
PF3D7_0615900	0.074149409439216	32.8521375	51.0	35.5	74.0
PF3D7_0616000	0.0012842624885035599	52.179128625	51.0	34.0	90.0
PF3D7_0616100	1.0	17.514218250000006	48.125	34.375	-12.0
PF3D7_0616200	6.804813352432401e-07	24.908511375	51.0	43.0	108.0
PF3D7_0616300	0.9151609289079528	15.456102000000001	45.0	13.75	-60.0
PF3D7_0616600	0.004141795071110547	12.98265825	51.0	40.0	86.0
PF3D7_0616700	0.23894651657040047	14.025397125000001	51.0	32.5	68.0
PF3D7_0616800	0.048426734117954354	90.641993625	51.0	32.5	76.0
PF3D7_0616900	1.0	8.404808250000002	48.125	16.875	-30.0
PF3D7_0617000	1.46918915520106e-05	74.800474125	51.0	35.5	102.0
PF3D7_0617100	0.01943095169546062	73.05619575	51.0	13.0	-80.0
PF3D7_0617200	1.0	104.5298985	48.125	29.8125	-34.0
PF3D7_0617300	0.01943095169546062	13.61506575	51.0	43.0	80.0
PF3D7_0617800	7.932217418824561e-05	5742.583584375001	51.0	47.5	98.0
PF3D7_0617900	0.01943095169546062	952.6336001249997	49.5	3.25	-80.0
PF3D7_0618000	3.516389639901545e-05	10.213609125000001	49.5	17.25	-100.0
PF3D7_0618100	7.932217418824561e-05	7.179825374999999	51.0	43.0	98.0
PF3D7_0618200	0.16453699804109032	199.34002275	51.0	32.5	70.0
PF3D7_0618300	0.00034707262534643487	2520.6009918750005	51.0	29.5	94.0
PF3D7_0618500	0.0001698261780107018	26.550622125	51.0	43.0	96.0
PF3D7_0618600	0.031003550035172057	42.5365575	51.0	41.5	78.0
PF3D7_0618700	0.16453699804109032	27.593980125	51.0	38.5	70.0
PF3D7_0618900.1	3.516389639901545e-05	5.5260588749999995	51.0	44.5	100.0
PF3D7_0619000.1	1.0	12.85744425	48.125	31.9375	-38.0
PF3D7_0619000.2	1.0	14.11529325	48.125	33.4375	-14.0
PF3D7_0619100	0.6680367990420074	11.078703375000002	51.0	41.5	62.0
PF3D7_0619200	5.735652685057447e-06	64.025274	51.0	13.0	-104.0
PF3D7_0619400	0.23894651657040047	267.558704625	51.0	38.5	68.0
PF3D7_0619500	0.9151609289079528	11.2399935	51.0	32.5	60.0
PF3D7_0619700	0.002342695994481709	2.4467909999999997	51.0	44.5	88.0
PF3D7_0619800	0.9151609289079528	4.6609061249999995	51.0	35.5	60.0
PF3D7_0619900	1.0	21.22655662499999	48.125	33.90625	-16.0
PF3D7_0620100	0.01943095169546062	27.711392250000003	51.0	43.0	80.0
PF3D7_0620400	0.01943095169546062	6.8035788749999995	49.5	17.25	-80.0
PF3D7_0620500	1.0	23.79878437499999	48.125	13.71875	-54.0
PF3D7_0620700	1.0	2.1703905	48.125	32.40625	-20.0
PF3D7_0621100	0.01943095169546062	4.103759625	51.0	44.5	80.0
PF3D7_0621200	2.0695381558476795e-06	1510.5960142500003	49.5	26.5	106.0
PF3D7_0621300	0.031003550035172057	47.940474374999994	51.0	16.0	-78.0
PF3D7_0621400	0.048426734117954354	16.045672500000002	46.5	11.5	-76.0
PF3D7_0621800	0.4810985075880909	1628.1074992499994	47.25	27.625	64.0
PF3D7_0621900	3.516389639901545e-05	63.56474325000001	49.5	11.5	-100.0
PF3D7_0622200	0.01943095169546062	73.91807625	51.0	16.0	-80.0
PF3D7_0622400	0.11143167772483249	34.361591625	51.0	40.0	72.0
PF3D7_0622600	0.048426734117954354	150.98911462499998	51.0	43.0	76.0
PF3D7_0622800	0.9151609289079528	45.672066375000014	49.5	28.0	60.0
PF3D7_0622900	2.0695381558476795e-06	188.91264075	51.0	14.5	-106.0
PF3D7_0623000	0.0012842624885035599	46.15835025	51.0	41.5	90.0
PF3D7_0623100	0.002342695994481709	531.5068575	51.0	13.0	-88.0
PF3D7_0623200	0.074149409439216	11.799680250000009	51.0	16.0	-74.0
PF3D7_0623300	0.048426734117954354	33.740404125	51.0	41.5	76.0
PF3D7_0623500	0.4810985075880909	80.53461600000001	45.0	7.75	-64.0
PF3D7_0623600	0.011903316453167643	113.87775224999999	51.0	13.0	-82.0
PF3D7_0623800	0.011903316453167643	245.21657399999998	51.0	13.0	-82.0
PF3D7_0623900	1.46918915520106e-05	64.28195512500001	51.0	44.5	102.0
PF3D7_0624000	0.01943095169546062	473.41048087500013	51.0	32.5	80.0
PF3D7_0624100	0.002342695994481709	10.016235000000002	51.0	44.5	88.0
PF3D7_0624200	0.004141795071110547	24.319353750000005	51.0	43.0	86.0
PF3D7_0624400	0.011903316453167643	29.30291775	51.0	40.0	82.0
PF3D7_0624500	0.0006803297011630345	95.28712575	51.0	41.5	92.0
PF3D7_0624600	1.0	116.23442212499994	48.125	14.875	-52.0
PF3D7_0624700	0.003242245532796128	4.699823625	51.0	44.5	87.0
PF3D7_0625000.2	0.16453699804109032	3.76009275	48.6	23.8	-70.0
PF3D7_0625300	0.0006803297011630345	14.436089624999997	51.0	43.0	92.0
PF3D7_0625400	0.01943095169546062	25.382842125000003	51.0	22.0	-80.0
PF3D7_0625600	1.0	32.422087875	48.125	34.0	-16.0
PF3D7_0625700	0.11143167772483249	33.70417762500001	51.0	38.5	72.0
PF3D7_0626000	0.0006803297011630345	16.793404874999997	51.0	22.0	-92.0
PF3D7_0626100	0.9151609289079528	37.463100749999995	51.0	38.5	60.0
PF3D7_0626200	0.01943095169546062	15.432630374999999	51.0	13.0	-80.0
PF3D7_0626300	0.01943095169546062	15.157561125	51.0	41.5	80.0
PF3D7_0626400	0.002342695994481709	3.2756835	51.0	47.5	88.0
PF3D7_0626600	0.0006803297011630345	11.451463500000001	49.5	7.75	-92.0
PF3D7_0626700	0.004141795071110547	49.36043025	51.0	47.5	86.0
PF3D7_0626800	0.004141795071110547	1207.9402935	51.0	38.5	86.0
PF3D7_0626900	0.031003550035172057	11.684188875	51.0	43.0	78.0
PF3D7_0627100	0.0006803297011630345	126.88478925000007	51.0	11.5	-92.0
PF3D7_0627200	3.516389639901545e-05	3.222465375000001	51.0	47.5	100.0
PF3D7_0627300	1.0	60.54123674999997	48.125	30.03125	-16.0
PF3D7_0627400	0.4810985075880909	20.075296125	51.0	44.5	64.0
PF3D7_0627500	1.0	387.0011223749999	48.125	32.40625	-20.0
PF3D7_0627700	3.516389639901545e-05	63.373125375	45.0	13.0	-100.0
PF3D7_0627800	1.0	32.488310625	48.125	35.166666666666664	-2.0
PF3D7_0627900	1.0	54.548735249999986	48.125	21.4375	-22.0
PF3D7_0628000	7.932217418824561e-05	7.309678500000001	51.0	46.0	98.0
PF3D7_0628100	0.0012842624885035599	5.044246125000001	49.5	17.25	-90.0
PF3D7_0628200	0.004141795071110547	72.38832074999999	45.0	12.25	-86.0
PF3D7_0628300.1	2.0008650961031914e-07	437.02007925	48.0	27.166666666666668	-110.0
PF3D7_0628600	1.0	31.148529375000024	48.125	35.166666666666664	-8.0
PF3D7_0628800	0.00034707262534643487	22.61364525	51.0	43.0	94.0
PF3D7_0629100	5.735652685057447e-06	58.697949374999986	49.5	1.75	-104.0
PF3D7_0629200	1.0	181.88675325	48.125	34.375	-12.0
PF3D7_0629300	0.16453699804109032	7.249826624999999	51.0	4.0	-70.0
PF3D7_0629400	0.007115131547795238	94.23592425	51.0	40.0	84.0
PF3D7_0629500	1.0	25.616539875000015	48.125	34.697916666666664	-10.0
PF3D7_0629600	0.074149409439216	35.51365087500001	51.0	16.0	-74.0
PF3D7_0629700	0.6680367990420074	38.033856000000014	45.0	8.5	-62.0
PF3D7_0629800	0.00034707262534643487	13.423455374999998	45.0	12.25	-94.0
PF3D7_0629900	0.0012842624885035599	154.56619537500004	51.0	14.5	-90.0
PF3D7_0630300	0.0006803297011630345	7.9738095000000015	51.0	43.0	92.0
PF3D7_0630400	0.5745676533150491	0.253353375	51.0	47.5	63.0
PF3D7_0630500	0.031003550035172057	9.017825625	51.0	20.5	-78.0
PF3D7_0630600	0.34159160256630494	21.00970800000001	51.0	38.5	66.0
PF3D7_0630900	0.048426734117954354	65.20517437499998	51.0	14.5	-76.0
PF3D7_0701400	7.932217418824561e-05	25.615943249999997	51.0	17.5	-98.0
PF3D7_0702100	0.0012842624885035599	6.543201000000002	51.0	8.5	-90.0
PF3D7_0702400	5.124670303241732e-08	3200.1694035	49.5	26.5	112.0
PF3D7_0702500	2.0695381558476795e-06	2002.1715127499997	49.5	28.0	106.0
PF3D7_0702600	0.048426734117954354	10.144216125	49.5	23.5	-76.0
PF3D7_0702900	0.4810985075880909	42.677875500000056	45.0	11.5	-64.0
PF3D7_0703200	0.16453699804109032	34.340934749999995	51.0	41.5	70.0
PF3D7_0703300	0.011903316453167643	148.67553787499997	51.0	35.5	82.0
PF3D7_0703500	1.0	74.86391362500001	48.125	21.21875	-54.0
PF3D7_0703600	7.932217418824561e-05	14.177207625	51.0	46.0	98.0
PF3D7_0703700	1.0	86.71086824999999	48.125	21.21875	-20.0
PF3D7_0703900	0.007115131547795238	44.156643	51.0	16.0	-84.0
PF3D7_0704000	1.0	6.533929874999998	48.125	13.71875	-42.0
PF3D7_0704100	1.0	1.3830048749999997	48.125	32.40625	-32.0
PF3D7_0704200	0.4810985075880909	12.830549624999994	49.5	26.5	64.0
PF3D7_0704300	0.00034707262534643487	9.471907875	51.0	43.0	94.0
PF3D7_0704400	0.16453699804109032	9.542663250000002	51.0	38.5	70.0
PF3D7_0704500	0.007115131547795238	2.744819624999999	51.0	46.0	84.0
PF3D7_0704600	0.01943095169546062	47.151588000000004	45.0	14.5	-80.0
PF3D7_0704800	5.124670303241732e-08	4.913890125	51.0	46.0	112.0
PF3D7_0704900	0.23894651657040047	17.977261499999997	51.0	41.5	68.0
PF3D7_0705000	0.6680367990420074	33.462063749999984	47.25	16.0	-62.0
PF3D7_0705100	1.0	1.647009375	48.125	23.5	-48.0
PF3D7_0705300	7.932217418824561e-05	12.136619625000002	51.0	43.0	98.0
PF3D7_0705400	3.516389639901545e-05	72.30996750000001	51.0	43.0	100.0
PF3D7_0705500	2.0008650961031914e-07	181.135882875	51.0	10.0	-110.0
PF3D7_0705700	0.00034707262534643487	8304.1449585	51.0	34.0	94.0
PF3D7_0705800	0.0006803297011630345	13.4773755	51.0	40.0	92.0
PF3D7_0705900	0.0012842624885035599	105.96185175	48.0	44.5	90.0
PF3D7_0706000	6.804813352432401e-07	85.424546625	48.0	13.0	-108.0
PF3D7_0706100	0.0012842624885035599	11.890727625	51.0	44.5	90.0
PF3D7_0706200	7.932217418824561e-05	66.2909265	51.0	43.75	98.0
PF3D7_0706300	0.011903316453167643	15.077048999999997	45.0	4.0	-82.0
PF3D7_0706400	7.932217418824561e-05	2075.8339425	51.0	32.5	98.0
PF3D7_0706500	5.735652685057447e-06	139.75469325	51.0	13.0	-104.0
PF3D7_0707200	0.0001698261780107018	8.874166875	51.0	46.0	96.0
PF3D7_0707300	0.00034707262534643487	103.57481062499998	45.0	4.0	-94.0
PF3D7_0707400	0.0006803297011630345	92.09207024999999	51.0	32.5	92.0
PF3D7_0707500	0.004141795071110547	20.648125499999992	51.0	5.5	-86.0
PF3D7_0707600	0.6680367990420074	15.875584125000005	45.0	14.5	-62.0
PF3D7_0707700	1.0	37.240306875000016	48.125	18.75	-52.0
PF3D7_0707800	0.0012842624885035599	17.349688125	51.0	41.5	90.0
PF3D7_0707900	1.0	84.29512162499998	48.125	33.90625	-18.0
PF3D7_0708000	1.46918915520106e-05	30.067588875000002	51.0	43.0	102.0
PF3D7_0708100	0.6680367990420074	398.28381375000004	51.0	43.0	62.0
PF3D7_0708300	0.34159160256630494	16.77462750000001	51.0	29.5	66.0
PF3D7_0708400	0.004141795071110547	1692.3483457499997	45.0	37.0	86.0
PF3D7_0708500	0.23894651657040047	9.641305125000002	51.0	22.0	-68.0
PF3D7_0708700	0.11143167772483249	43.6383	51.0	43.0	72.0
PF3D7_0708800	1.0	123.6351386249998	48.125	21.75	-52.0
PF3D7_0708900	1.46918915520106e-05	42.89131125	45.0	13.0	-102.0
PF3D7_0709000	1.0	126.01833112500006	48.125	30.21875	-24.0
PF3D7_0709100	0.074149409439216	29.308414499999994	51.0	46.0	74.0
PF3D7_0709200	1.0	17.56749825	48.125	13.625	-56.0
PF3D7_0709300	1.0	13.2304455	48.125	16.71875	-50.0
PF3D7_0709400	0.074149409439216	19.884976875	51.0	38.5	74.0
PF3D7_0709500	0.011903316453167643	30.569670000000002	51.0	43.0	82.0
PF3D7_0709600	0.16453699804109032	23.765546625000006	51.0	14.5	-70.0
PF3D7_0709700	0.00034707262534643487	64.86815587499999	45.0	4.75	-94.0
PF3D7_0709800	0.031003550035172057	29.159782500000002	49.5	40.25	78.0
PF3D7_0710000	0.11143167772483249	3.0236054999999995	45.0	4.75	-72.0
PF3D7_0710100	5.735652685057447e-06	50.16515775	48.0	7.0	-104.0
PF3D7_0710200	0.16453699804109032	13.971402750000001	51.0	38.5	70.0
PF3D7_0710300	1.46918915520106e-05	181.5272025	51.0	35.5	102.0
PF3D7_0710500	1.46918915520106e-05	13.266516	51.0	43.0	102.0
PF3D7_0710600	0.011903316453167643	2294.941944	47.25	23.875	-82.0
PF3D7_0710700	0.004141795071110547	61.671296625000004	51.0	13.0	-86.0
PF3D7_0710800	0.11143167772483249	36.581106375000005	45.0	13.75	-72.0
PF3D7_0710900	1.0	12.394345499999998	48.125	20.40625	-36.0
PF3D7_0711000	0.0006803297011630345	137.39182725	51.0	43.0	92.0
PF3D7_0711100	0.002342695994481709	65.28484949999998	51.0	11.5	-88.0
PF3D7_0711300	0.23894651657040047	34.61094449999999	51.0	34.0	68.0
PF3D7_0711400	0.34159160256630494	33.449660625	51.0	34.0	66.0
PF3D7_0711500	0.23894651657040047	71.99492062499999	51.0	32.5	68.0
PF3D7_0712400	0.0012842624885035599	7.767445500000001	51.0	43.0	90.0
PF3D7_0712900	0.01943095169546062	8.804676749999999	51.0	41.5	80.0
PF3D7_0713400	0.011903316453167643	73.4239935	51.0	10.0	-82.0
PF3D7_0713500	0.0001698261780107018	8.335545374999999	48.0	8.5	-96.0
PF3D7_0713700	1.0	92.69513212500001	48.125	34.697916666666664	-8.0
PF3D7_0713800	1.0	5.056949249999999	48.125	29.40625	-48.0
PF3D7_0713900	0.011903316453167643	39.86058374999999	45.0	19.0	-82.0
PF3D7_0714000	0.074149409439216	365.471894625	51.0	43.0	74.0
PF3D7_0714200	0.34159160256630494	35.379980999999994	45.0	9.5	-66.0
PF3D7_0714300	0.002342695994481709	25.773685125000007	51.0	10.0	-88.0
PF3D7_0714500	1.0	44.57114962500002	48.125	15.90625	-32.0
PF3D7_0714600	0.6680367990420074	16.295661749999997	45.0	10.75	-62.0
PF3D7_0715000	0.23894651657040047	87.05430975000002	45.0	13.0	-68.0
PF3D7_0715200	1.46918915520106e-05	5.226340875000001	51.0	44.5	102.0
PF3D7_0715300	0.0001698261780107018	1.2726389999999999	51.0	44.5	96.0
PF3D7_0715400	0.0018134792414926343	20.0518245	51.0	43.0	89.0
PF3D7_0715500	0.01943095169546062	350.3232885	51.0	40.75	80.0
PF3D7_0715600	0.00034707262534643487	34.230406875	51.0	40.0	94.0
PF3D7_0715700	0.002342695994481709	8.0582085	51.0	40.75	88.0
PF3D7_0715800	7.932217418824561e-05	37.37211825	51.0	41.5	98.0
PF3D7_0715900	7.932217418824561e-05	42.917013374999996	51.0	41.5	98.0
PF3D7_0716000	0.01943095169546062	162.10544324999998	51.0	13.0	-80.0
PF3D7_0716100	0.0012842624885035599	71.33788350000002	51.0	14.5	-90.0
PF3D7_0716200	3.516389639901545e-05	984.318293625	51.0	17.5	-100.0
PF3D7_0716300	0.007115131547795238	409.352731125	51.0	40.0	84.0
PF3D7_0716400	1.0	90.093918375	48.125	22.5	-50.0
PF3D7_0716500	0.031003550035172057	14.862920249999998	51.0	44.5	78.0
PF3D7_0716800	0.007115131547795238	280.7715562500002	49.5	26.5	84.0
PF3D7_0716900	1.0	35.11476225	48.125	34.375	-12.0
PF3D7_0717000	0.11143167772483249	2.67808125	51.0	46.0	72.0
PF3D7_0717100	0.16453699804109032	47.123882625	51.0	38.5	70.0
PF3D7_0717200	1.0	27.55113150000001	48.125	33.28125	-18.0
PF3D7_0717300	0.048426734117954354	91.927548375	51.0	31.0	76.0
PF3D7_0717400	0.007115131547795238	63.60891412499999	51.0	29.5	84.0
PF3D7_0717500	1.0	32.27137574999998	48.125	25.34375	-16.0
PF3D7_0717600	3.516389639901545e-05	10.28847975	51.0	44.5	100.0
PF3D7_0717700	1.0	92.80891012500007	48.125	27.40625	-20.0
PF3D7_0717900	0.00034707262534643487	57.16118999999998	51.0	35.5	94.0
PF3D7_0718100	0.0006803297011630345	8.652877874999998	51.0	40.0	92.0
PF3D7_0718400	0.048426734117954354	323.67676500000005	51.0	40.0	76.0
PF3D7_0718500	0.6680367990420074	130.40742450000002	51.0	38.5	62.0
PF3D7_0719000	1.0	36.10816425	48.125	34.697916666666664	-6.0
PF3D7_0719100	0.01943095169546062	44.543702624999995	51.0	41.5	80.0
PF3D7_0719300	1.0	21.622332000000018	48.125	22.78125	-32.0
PF3D7_0719400	0.0001698261780107018	9.3011985	51.0	41.5	96.0
PF3D7_0719500	0.007115131547795238	14.7907425	51.0	43.0	84.0
PF3D7_0719600	2.0695381558476795e-06	2261.7207945	51.0	29.5	106.0
PF3D7_0719700	0.00034707262534643487	2590.897813125	49.5	28.0	94.0
PF3D7_0719800	1.0	13.705810125000001	48.125	20.5	-36.0
PF3D7_0719900	1.0	44.115367500000005	48.125	13.6875	-50.0
PF3D7_0720000	1.0	37.123954874999995	48.125	34.697916666666664	-4.0
PF3D7_0720100	0.6680367990420074	33.01764225000001	49.5	13.0	-62.0
PF3D7_0720200	0.074149409439216	125.79855525000008	51.0	31.0	74.0
PF3D7_0720400	0.4810985075880909	50.23994325	51.0	43.0	64.0
PF3D7_0720500	0.03971514207656321	35.853564000000006	51.0	43.0	77.0
PF3D7_0720600	0.34159160256630494	199.61834812499995	45.0	8.5	-66.0
PF3D7_0720700	5.124670303241732e-08	177.83306399999998	45.0	13.0	-112.0
PF3D7_0720800	0.00034707262534643487	125.18033925	51.0	44.5	94.0
PF3D7_0720900	0.007115131547795238	88.54074412499999	51.0	46.0	84.0
PF3D7_0721000	1.0	14.838658125	48.125	30.90625	-36.0
PF3D7_0721100	0.004141795071110547	537.651599625	51.0	38.5	86.0
PF3D7_0721200	0.00034707262534643487	31.956150375	45.0	14.5	-94.0
PF3D7_0721300	0.01943095169546062	58.10749762500001	51.0	14.5	-80.0
PF3D7_0721400	0.031003550035172057	175.26145125	51.0	38.5	78.0
PF3D7_0721600	1.46918915520106e-05	3574.45644225	49.5	28.0	102.0
PF3D7_0721800	0.4810985075880909	517.1320563749998	51.0	38.5	64.0
PF3D7_0721900	1.0	69.81981600000002	48.125	30.760416666666668	-8.0
PF3D7_0722000	0.01943095169546062	16.384975499999996	45.0	12.25	-80.0
PF3D7_0722100	1.0	21.979756499999997	48.125	13.8125	-32.0
PF3D7_0722200	0.0012842624885035599	65.506024875	45.0	4.0	-90.0
PF3D7_0722300	0.23894651657040047	21.496544625	45.0	13.0	-68.0
PF3D7_0722400	1.0	56.2249807499999	48.125	34.375	-8.0
PF3D7_0722500	1.0	41.521267124999966	48.125	16.25	-48.0
PF3D7_0722600	0.004141795071110547	43.02774675	51.0	13.0	-86.0
PF3D7_0722700	1.0	104.53785937499998	48.125	23.46875	-50.0
PF3D7_0723300	2.0695381558476795e-06	8.968605	51.0	47.5	106.0
PF3D7_0723400	0.0006803297011630345	166.859604375	51.0	14.5	-92.0
PF3D7_0723600	1.0	127.11086587500004	48.125	26.75	-48.0
PF3D7_0723700	0.23894651657040047	16.4506395	51.0	34.0	68.0
PF3D7_0723800	5.735652685057447e-06	16.063084125	51.0	46.0	104.0
PF3D7_0723900	0.11143167772483249	28.737399749999994	45.0	25.0	72.0
PF3D7_0724100	0.9151609289079528	34.274092875	51.0	43.0	60.0
PF3D7_0724200	0.34159160256630494	6.820932375000002	51.0	34.0	66.0
PF3D7_0724300	0.6680367990420074	8.471424	51.0	38.5	62.0
PF3D7_0724400	0.11143167772483249	138.94063987499996	51.0	14.5	-72.0
PF3D7_0724500	3.516389639901545e-05	19.8521955	51.0	11.5	-100.0
PF3D7_0724600	0.6680367990420074	3.9145098750000002	51.0	38.5	62.0
PF3D7_0724700	1.0	9.437967000000011	48.125	14.75	-54.0
PF3D7_0724800	2.0008650961031914e-07	28.54337475	51.0	46.0	110.0
PF3D7_0725000	0.6680367990420074	12.833111625	51.0	38.5	62.0
PF3D7_0725100	0.16453699804109032	17.01338325	45.0	13.75	-70.0
PF3D7_0725200	1.0	58.87183425000002	48.125	34.875	-2.0
PF3D7_0725300	0.031003550035172057	56.92257337500001	51.0	19.0	-78.0
PF3D7_0725400	0.0001698261780107018	456.988228875	47.25	4.0	-96.0
PF3D7_0726100	0.031003550035172057	448.71907687500004	51.0	13.0	-78.0
PF3D7_0726200	2.0008650961031914e-07	158.75764425	51.0	31.0	110.0
PF3D7_0726300	0.34159160256630494	16.045047749999995	49.5	17.25	-66.0
PF3D7_0726400	1.0	12.280851000000002	48.125	13.395833333333334	-52.0
PF3D7_0726500	1.0	56.420388374999995	48.125	16.875	-42.0
PF3D7_0726600	0.074149409439216	6.796366500000001	51.0	44.5	74.0
PF3D7_0726700	0.007115131547795238	63.6982575	51.0	38.5	84.0
PF3D7_0726800	0.01943095169546062	26.063764125	51.0	39.25	80.0
PF3D7_0726900	0.074149409439216	63.784568625000006	51.0	34.0	74.0
PF3D7_0727000	1.0	12.993198	48.125	22.0	-46.0
PF3D7_0727100	0.0006803297011630345	11.551060875000001	51.0	43.0	92.0
PF3D7_0727200	0.16453699804109032	79.76517712499998	51.0	16.0	-70.0
PF3D7_0727300	1.0	7.6127373749999965	48.125	19.25	-46.0
PF3D7_0727400	0.34159160256630494	321.23622074999986	51.0	38.5	66.0
PF3D7_0727500	0.031003550035172057	8.563024125	51.0	43.0	78.0
PF3D7_0727800	0.11143167772483249	35.802058125	51.0	32.5	72.0
PF3D7_0727900	0.00034707262534643487	12.402283500000003	48.0	14.5	-94.0
PF3D7_0728000	1.0	141.44758424999998	48.125	34.697916666666664	-6.0
PF3D7_0728300	0.4810985075880909	22.29578475	51.0	40.0	64.0
PF3D7_0728400.1	0.002342695994481709	16.468072875	51.0	43.0	88.0
PF3D7_0728600	0.0001698261780107018	5.485068750000001	51.0	43.0	96.0
PF3D7_0728800	0.002342695994481709	25.483372874999997	51.0	40.0	88.0
PF3D7_0728900	1.0	33.98520899999998	48.125	18.375	-40.0
PF3D7_0729000	1.0	86.29824187500004	48.125	33.90625	-18.0
PF3D7_0729100	0.34159160256630494	18.701657249999997	51.0	38.5	66.0
PF3D7_0729200	0.02521725086531634	33.193587	51.0	43.0	79.0
PF3D7_0729300	0.007115131547795238	67.908314625	51.0	13.0	-84.0
PF3D7_0729400	0.007115131547795238	107.91842325000005	51.0	14.5	-84.0
PF3D7_0729500	1.0	28.019616749999997	48.125	20.25	-34.0
PF3D7_0729600.1	0.0012842624885035599	67.940607	51.0	44.5	90.0
PF3D7_0730000	0.031003550035172057	82.60194075000001	51.0	41.5	78.0
PF3D7_0730200	1.0	12.563045250000004	48.125	13.6875	-22.0
PF3D7_0730300	1.0	254.205201375	48.125	12.458333333333334	-58.0
PF3D7_0730400	7.932217418824561e-05	61.39692600000001	45.0	4.0	-98.0
PF3D7_0730500	5.735652685057447e-06	5.750357999999999	51.0	46.0	104.0
PF3D7_0730800.1	0.11143167772483249	3834.523326	51.0	13.0	-72.0
PF3D7_0730900	1.099815087910326e-08	521.602363875	51.0	29.5	114.0
PF3D7_0731100	0.011903316453167643	1130.499082875	51.0	13.0	-82.0
PF3D7_0731200	1.46918915520106e-05	92.286936	51.0	10.0	-102.0
PF3D7_0731300	5.735652685057447e-06	606.2312073749999	51.0	31.0	104.0
PF3D7_0731400	0.11143167772483249	36.681100125	51.0	32.5	72.0
PF3D7_0731500	3.516389639901545e-05	91.14650362500001	49.5	3.25	-100.0
PF3D7_0731600	0.00034707262534643487	299.113300875	51.0	40.0	94.0
PF3D7_0731700	0.074149409439216	19.14459225	51.0	41.5	74.0
PF3D7_0731800	5.735652685057447e-06	56.559214499999996	51.0	8.5	-104.0
PF3D7_0801000	1.0	292.53243224999994	48.125	12.927083333333334	-52.0
PF3D7_0801500	0.23894651657040047	31.161886875	51.0	17.5	-68.0
PF3D7_0801600	0.2017417573057454	5.519577375	51.0	40.75	69.0
PF3D7_0801700	0.048426734117954354	24.895587374999995	51.0	38.5	76.0
PF3D7_0801800	0.031003550035172057	181.13969699999998	51.0	14.5	-78.0
PF3D7_0801900	1.0	9.005674874999997	48.125	33.28125	-30.0
PF3D7_0802000	0.00034707262534643487	707.803371375	51.0	32.5	94.0
PF3D7_0802100	5.735652685057447e-06	4.915475250000001	49.5	40.25	104.0
PF3D7_0802200	0.004141795071110547	839.256849375	51.0	41.5	86.0
PF3D7_0802300	0.004141795071110547	70.96087349999996	51.0	16.0	-86.0
PF3D7_0802400	0.074149409439216	22.498131375000007	51.0	22.0	-74.0
PF3D7_0802500	0.23894651657040047	27.48420974999999	45.0	12.25	-68.0
PF3D7_0802600	0.0006803297011630345	9.917745374999999	47.25	4.0	-92.0
PF3D7_0802800	3.516389639901545e-05	10.39348275	49.5	17.25	-100.0
PF3D7_0803000	0.031003550035172057	45.96826162499999	45.0	13.0	-78.0
PF3D7_0803100	0.048426734117954354	50.448093375000006	51.0	13.0	-76.0
PF3D7_0803200	1.46918915520106e-05	5.135234999999999	49.5	17.25	-102.0
PF3D7_0803300	0.0006803297011630345	10.847310375	51.0	44.5	92.0
PF3D7_0803400	3.516389639901545e-05	34.03325025	51.0	44.5	100.0
PF3D7_0803500	0.048426734117954354	10.388355750000002	51.0	40.0	76.0
PF3D7_0803600.1	1.0	12.397866000000004	48.125	15.375	-40.0
PF3D7_0803700	0.00034707262534643487	75.347049375	51.0	41.5	94.0
PF3D7_0803800	0.16453699804109032	165.33378600000003	51.0	35.5	70.0
PF3D7_0804000	1.0	29.672458875000018	48.125	29.0	-34.0
PF3D7_0804300	0.011903316453167643	123.89905612500002	51.0	13.0	-82.0
PF3D7_0804400	0.00034707262534643487	14.434017375	51.0	46.0	94.0
PF3D7_0804500	0.074149409439216	22.186192125000005	51.0	37.0	74.0
PF3D7_0804600	0.6680367990420074	20.484744000000006	51.0	13.0	-62.0
PF3D7_0804800	0.6680367990420074	66.66078150000001	45.0	11.5	-62.0
PF3D7_0804900	1.0	31.25411774999999	48.125	33.90625	-18.0
PF3D7_0805000	0.015667134074314134	8.903211	51.0	42.25	81.0
PF3D7_0805100	0.23894651657040047	1.8281452500000002	45.0	4.75	-68.0
PF3D7_0805200	7.932217418824561e-05	311.493019125	51.0	5.5	-98.0
PF3D7_0805400	0.6680367990420074	25.525626000000006	51.0	41.5	62.0
PF3D7_0805500	2.0695381558476795e-06	31.745840624999992	45.0	11.5	-106.0
PF3D7_0805600	0.004141795071110547	53.953389750000014	45.0	41.5	86.0
PF3D7_0805700	2.0695381558476795e-06	5.098513125	51.0	44.5	106.0
PF3D7_0805900	0.031003550035172057	9.594365625000002	49.5	44.5	78.0
PF3D7_0806000	1.0	6.324782250000004	48.125	34.46875	-12.0
PF3D7_0806100	1.0	10.942583625	48.125	18.21875	-44.0
PF3D7_0806200	2.0695381558476795e-06	0.7570466249999999	51.0	47.5	106.0
PF3D7_0806300	5.735652685057447e-06	1.02964125	49.5	40.25	104.0
PF3D7_0806500	1.0	34.72024500000001	48.125	14.927083333333334	-56.0
PF3D7_0806600	1.46918915520106e-05	48.99916912500001	45.0	13.0	-102.0
PF3D7_0806700	0.031003550035172057	31.371217124999998	45.0	12.25	-78.0
PF3D7_0806800	0.00034707262534643487	152.53638712500003	51.0	11.5	-94.0
PF3D7_0806900	0.4810985075880909	8.130385875000002	51.0	43.0	64.0
PF3D7_0807000	0.007115131547795238	73.59726187499999	51.0	34.0	84.0
PF3D7_0807100	0.11143167772483249	9.431741624999997	46.0	18.0	-72.0
PF3D7_0807200	5.735652685057447e-06	101.48536837500001	49.5	28.0	104.0
PF3D7_0807300	0.23894651657040047	298.19807437500003	51.0	35.5	68.0
PF3D7_0807400	0.00034707262534643487	15.416338125	51.0	46.0	94.0
PF3D7_0807500	0.34159160256630494	253.52017725000005	51.0	43.0	66.0
PF3D7_0807600	1.0	29.30167575000003	48.125	15.21875	-54.0
PF3D7_0807700	1.0	11.578255874999996	48.125	16.25	-34.0
PF3D7_0807800	1.0	58.84228837500001	48.125	24.03125	-16.0
PF3D7_0807900	0.004141795071110547	260.65052737499997	45.0	25.0	86.0
PF3D7_0808100	1.0	4.272677625000001	48.125	33.90625	-20.0
PF3D7_0808200	0.0012842624885035599	28.247207624999998	47.25	4.0	-90.0
PF3D7_0808300	0.011903316453167643	111.103998375	45.0	6.25	-82.0
PF3D7_0808400	1.0	11.849340000000002	48.125	16.875	-52.0
PF3D7_0809200	1.0	4.783556625000001	48.125	24.75	-54.0
PF3D7_0809400	0.0001698261780107018	13.5703305	51.0	43.0	96.0
PF3D7_0809500	0.9151609289079528	51.515929124999985	51.0	34.0	60.0
PF3D7_0809900	0.011903316453167643	23.294056875	45.0	4.0	-82.0
PF3D7_0810000	0.11143167772483249	579.3823882500001	51.0	41.5	72.0
PF3D7_0810100	0.00025844940167856834	50.137145249999996	51.0	41.5	95.0
PF3D7_0810200	0.011903316453167643	11.002457625000002	51.0	41.5	82.0
PF3D7_0810300	2.0695381558476795e-06	51.871169249999994	51.0	46.0	106.0
PF3D7_0810400	0.007115131547795238	29.1462825	51.0	34.0	84.0
PF3D7_0810500	1.0	39.47613450000001	48.125	34.697916666666664	-4.0
PF3D7_0810600	1.0	81.05052449999991	48.125	26.84375	-8.0
PF3D7_0810700	0.4810985075880909	51.517821375	49.5	31.75	64.0
PF3D7_0810800	1.46918915520106e-05	62.912993249999985	51.0	34.0	102.0
PF3D7_0810900.1	0.0001698261780107018	6.238270874999999	51.0	47.5	96.0
PF3D7_0811000	0.0001698261780107018	5.927874375	51.0	44.5	96.0
PF3D7_0811100	0.4810985075880909	3.8370903750000007	51.0	44.5	64.0
PF3D7_0811200	0.048426734117954354	21.104467500000005	51.0	14.5	-76.0
PF3D7_0811300	0.00034707262534643487	615.7439298749998	51.0	11.5	-94.0
PF3D7_0811400	0.004141795071110547	181.96076924999994	47.25	22.0	-86.0
PF3D7_0811500	0.007115131547795238	18.612697500000007	51.0	13.0	-84.0
PF3D7_0811600	0.9151609289079528	6.2806398749999985	51.0	34.0	60.0
PF3D7_0811900	0.007115131547795238	12.967923374999998	51.0	40.0	84.0
PF3D7_0812100	1.0	15.797743125000004	48.125	15.90625	-34.0
PF3D7_0812220	0.031003550035172057	25.379852625	51.0	43.0	78.0
PF3D7_0812400	0.23894651657040047	194.04438637500004	51.0	43.0	68.0
PF3D7_0812500	0.0012842624885035599	214.99318087500006	51.0	11.5	-90.0
PF3D7_0812600	0.01943095169546062	55.960081499999994	45.0	6.25	-80.0
PF3D7_0812700	0.6680367990420074	28.006741124999998	51.0	43.0	62.0
PF3D7_0812800	0.6680367990420074	30.654000375	51.0	41.5	62.0
PF3D7_0813000	0.011903316453167643	81.13183687499998	51.0	8.5	-82.0
PF3D7_0813100	7.932217418824561e-05	1.868129625	51.0	46.0	98.0
PF3D7_0813200	0.0012842624885035599	100.097529	51.0	43.0	90.0
PF3D7_0813300	1.0	1275.558131625	48.125	34.46875	-10.0
PF3D7_0813400	0.11143167772483249	470.3925202499999	51.0	14.5	-72.0
PF3D7_0813500	0.11143167772483249	21.611266500000003	51.0	41.5	72.0
PF3D7_0813600	0.9151609289079528	40.015539749999974	51.0	14.5	-60.0
PF3D7_0813700	7.932217418824561e-05	36.807387750000004	51.0	40.0	98.0
PF3D7_0813800	0.01943095169546062	1.7829764999999997	51.0	44.5	80.0
PF3D7_0813900	3.516389639901545e-05	3150.7609275000004	51.0	29.5	100.0
PF3D7_0814000	0.004141795071110547	2609.492066250001	45.0	25.0	86.0
PF3D7_0814100	3.516389639901545e-05	15.471868499999998	48.0	16.0	-100.0
PF3D7_0814200	0.004141795071110547	9065.281182375	51.0	13.0	-86.0
PF3D7_0814300	0.074149409439216	51.695959124999995	51.0	13.0	-74.0
PF3D7_0814400	7.932217418824561e-05	21.442480875	48.0	6.0	-98.0
PF3D7_0814500	0.0006803297011630345	68.681128125	51.0	11.5	-92.0
PF3D7_0814900	0.34159160256630494	299.6745427500001	51.0	38.5	66.0
PF3D7_0815000	0.011903316453167643	38.823843	51.0	38.5	82.0
PF3D7_0815200	0.16453699804109032	78.32842387500001	51.0	13.0	-70.0
PF3D7_0815400	0.09279054358202424	27.138588749999997	51.0	41.5	73.0
PF3D7_0815500	0.0001698261780107018	4.555001625	51.0	44.5	96.0
PF3D7_0815600	0.0006803297011630345	497.78004862499995	51.0	16.0	-92.0
PF3D7_0815800	0.4810985075880909	59.25659962499999	51.0	34.0	64.0
PF3D7_0816000	0.01943095169546062	90.897205125	51.0	13.0	-80.0
PF3D7_0816100	0.004141795071110547	140.999769	45.0	11.5	-86.0
PF3D7_0816200	0.16453699804109032	12.655130624999998	51.0	43.0	70.0
PF3D7_0816400	0.007115131547795238	7.6435098749999995	51.0	46.0	84.0
PF3D7_0816600	2.0695381558476795e-06	112.599145125	51.0	40.0	106.0
PF3D7_0816700	0.16453699804109032	43.715436375	51.0	40.0	70.0
PF3D7_0817200	0.00034707262534643487	23.331597375	51.0	4.0	-94.0
PF3D7_0817300	0.0006803297011630345	212.54998612499998	50.0	33.0	92.0
PF3D7_0817500	1.0	470.3749331249999	48.125	35.166666666666664	-2.0
PF3D7_0817600	0.0006803297011630345	18.35056875	45.0	4.0	-92.0
PF3D7_0817700	6.804813352432401e-07	13.242842249999999	49.5	40.25	108.0
PF3D7_0817800	0.00025844940167856834	266.19302362499997	51.0	46.0	95.0
PF3D7_0817900	1.46918915520106e-05	1010.4732299999998	51.0	47.5	102.0
PF3D7_0818000	1.0	46.93364699999999	48.125	34.40625	-10.0
PF3D7_0818100	2.0008650961031914e-07	13.090321125000003	45.0	4.0	-110.0
PF3D7_0818200	0.0006803297011630345	2822.6076663749996	51.0	47.5	92.0
PF3D7_0818400	1.0	42.444570375	48.125	33.90625	-8.0
PF3D7_0818500	1.0	71.94169724999995	48.125	13.625	-54.0
PF3D7_0818600	5.735652685057447e-06	15.352951875000002	49.5	17.25	-104.0
PF3D7_0818700	0.0006803297011630345	77.57395725	46.5	10.0	-92.0
PF3D7_0818800	0.01943095169546062	58.04586150000001	51.0	13.0	-80.0
PF3D7_0818900	7.932217418824561e-05	3860.5255481249987	49.5	36.25	98.0
PF3D7_0819000	0.002342695994481709	66.59041199999999	51.0	13.0	-88.0
PF3D7_0819100	0.0001698261780107018	60.46180275	51.0	13.0	-96.0
PF3D7_0819500	0.00034707262534643487	87.21562312500001	49.5	34.0	94.0
PF3D7_0819600	0.048426734117954354	100.14803587499999	51.0	37.0	76.0
PF3D7_0819900	0.16453699804109032	57.2628015	51.0	43.0	70.0
PF3D7_0820000	1.0	32.84673412499998	48.125	19.25	-54.0
PF3D7_0820100	0.0001698261780107018	22.228995000000005	51.0	41.5	96.0
PF3D7_0820200	1.0	23.331298500000006	48.125	20.3125	-24.0
PF3D7_0820300	0.00034707262534643487	201.63460012499996	51.0	13.0	-94.0
PF3D7_0820500	0.0012842624885035599	30.10794225	51.0	13.0	-90.0
PF3D7_0820600	0.11143167772483249	0.840936	49.5	40.25	72.0
PF3D7_0820700	0.4810985075880909	31.18764975	51.0	38.5	64.0
PF3D7_0820800	0.16453699804109032	9.860793375	51.0	43.0	70.0
PF3D7_0820900	0.9151609289079528	17.774507625	45.0	13.0	-60.0
PF3D7_0821000	1.46918915520106e-05	44.425464	51.0	44.5	102.0
PF3D7_0821100	0.002342695994481709	234.81920849999997	51.0	10.0	-88.0
PF3D7_0821200	1.0	36.13619775000001	48.125	14.875	-48.0
PF3D7_0821300	0.011903316453167643	61.151544	51.0	14.5	-82.0
PF3D7_0821400	0.004141795071110547	542.908283625	48.0	4.0	-86.0
PF3D7_0821500	0.0012842624885035599	18.781408499999998	51.0	14.5	-90.0
PF3D7_0821600	0.23894651657040047	23.83341674999999	51.0	13.0	-68.0
PF3D7_0821700	0.031003550035172057	1391.8325598750002	51.0	32.5	78.0
PF3D7_0821800	0.6680367990420074	838.1031146249999	49.5	28.0	62.0
PF3D7_0821900	0.005628463309452892	87.009387	51.0	39.25	85.0
PF3D7_0822000	0.031003550035172057	20.290437750000002	51.0	41.5	78.0
PF3D7_0822100	0.002342695994481709	53.127159375000005	51.0	20.5	-88.0
PF3D7_0822300	0.11143167772483249	191.84924587499995	51.0	34.0	72.0
PF3D7_0822400	1.0	6.763990124999999	48.125	18.21875	-48.0
PF3D7_0822600	0.0001698261780107018	192.10710674999996	51.0	7.0	-96.0
PF3D7_0822800	1.0	13.634418749999991	48.125	34.875	-6.0
PF3D7_0822900	0.0006803297011630345	37.331658375	45.0	5.5	-92.0
PF3D7_0823100	0.6680367990420074	80.10563062499999	51.0	29.5	62.0
PF3D7_0823200	0.00034707262534643487	4640.392395000001	51.0	17.5	-94.0
PF3D7_0823300	1.0	42.525654375	48.125	33.0625	-4.0
PF3D7_0823600	7.932217418824561e-05	21.334828125	45.0	16.0	-98.0
PF3D7_0823700	1.0	45.38643862499998	48.125	34.46875	-14.0
PF3D7_0823800	1.0	21.81428025	48.125	33.28125	-30.0
PF3D7_0823900	0.011903316453167643	126.467696625	51.0	38.5	82.0
PF3D7_0824100	2.0695381558476795e-06	13.897611000000001	51.0	41.5	106.0
PF3D7_0824200	0.011903316453167643	16.588148625	51.0	40.0	82.0
PF3D7_0824300	0.002342695994481709	8.943051749999999	51.0	44.5	88.0
PF3D7_0824400	0.16453699804109032	62.37943462499999	51.0	35.5	70.0
PF3D7_0824500	0.074149409439216	29.949790875000005	51.0	40.0	74.0
PF3D7_0824600	0.11143167772483249	50.196782249999984	51.0	13.0	-72.0
PF3D7_0824700	0.048426734117954354	4.912271250000001	51.0	46.0	76.0
PF3D7_0824800	0.0006803297011630345	33.476257499999996	45.0	13.75	-92.0
PF3D7_0824900	0.0012842624885035599	27.420879	51.0	14.5	-90.0
PF3D7_0825000	0.23894651657040047	16.598506500000003	51.0	44.5	68.0
PF3D7_0825200	0.061288071778585175	27.870394875000002	51.0	43.0	75.0
PF3D7_0825300	0.048426734117954354	16.238009625	51.0	40.0	76.0
PF3D7_0825400	0.011903316453167643	55.32183075	51.0	43.0	82.0
PF3D7_0825500	0.004141795071110547	61.79852062500001	51.0	13.0	-86.0
PF3D7_0825600	1.0	17.679897750000002	48.125	27.90625	-48.0
PF3D7_0826100	0.002342695994481709	38.847663000000004	51.0	16.0	-88.0
PF3D7_0826300	0.0012842624885035599	26.177293125000002	51.0	41.5	90.0
PF3D7_0826400	0.0001698261780107018	6.931629749999999	51.0	43.0	96.0
PF3D7_0826500	1.0	18.780195000000003	48.125	20.5	-36.0
PF3D7_0826600	0.007115131547795238	34.7591295	51.0	35.5	84.0
PF3D7_0826700	5.735652685057447e-06	2228.06626275	49.5	28.0	104.0
PF3D7_0826900	0.6680367990420074	10.984334250000003	51.0	43.0	62.0
PF3D7_0827000	0.011903316453167643	89.12246662500002	51.0	14.5	-82.0
PF3D7_0827100	0.16453699804109032	16.820357249999997	51.0	37.0	70.0
PF3D7_0827300	7.932217418824561e-05	60.28178025000001	51.0	13.0	-98.0
PF3D7_0827400	3.516389639901545e-05	9.27092625	51.0	8.5	-100.0
PF3D7_0827500	0.0012842624885035599	30.372078000000002	51.0	44.5	90.0
PF3D7_0827600	0.002342695994481709	33.847896375	51.0	40.0	88.0
PF3D7_0827800	0.048426734117954354	69.128359125	45.0	13.75	-76.0
PF3D7_0827900	0.23894651657040047	585.8941860000002	51.0	40.0	68.0
PF3D7_0828200	0.074149409439216	38.760397125	51.0	35.5	74.0
PF3D7_0828300	0.9151609289079528	23.179347749999984	51.0	34.0	60.0
PF3D7_0828500	0.0012842624885035599	19.46928	51.0	44.5	90.0
PF3D7_0828600	0.0012842624885035599	0.93285525	45.0	4.0	-90.0
PF3D7_0828800	5.735652685057447e-06	8.03543025	49.5	17.25	-104.0
PF3D7_0828900	1.0	11.741592750000002	48.125	33.4375	-26.0
PF3D7_0829000	1.0	7.117589624999999	48.125	33.90625	-20.0
PF3D7_0829100	0.23894651657040047	139.2229185	51.0	13.0	-68.0
PF3D7_0829200	0.00034707262534643487	194.51691749999998	51.0	37.0	94.0
PF3D7_0829300	0.6680367990420074	360.31183162499997	51.0	38.5	62.0
PF3D7_0829400	1.46918915520106e-05	3.4675878750000004	51.0	47.5	102.0
PF3D7_0829600	0.074149409439216	0.9887778749999999	48.0	27.166666666666668	-74.0
PF3D7_0830400	1.0	710.8286418750001	48.125	13.71875	-42.0
PF3D7_0830500	0.007115131547795238	3822.3513588749993	51.0	13.0	-84.0
PF3D7_0830600	0.004141795071110547	818.855695875	51.0	13.0	-86.0
PF3D7_0830700	0.34159160256630494	135.69988275000003	51.0	32.5	66.0
PF3D7_0830900	0.0001698261780107018	211.41542325	51.0	31.0	96.0
PF3D7_0831000	2.0008650961031914e-07	24.216692625	51.0	29.5	110.0
PF3D7_0831200	0.01943095169546062	107.89645274999998	51.0	13.0	-80.0
PF3D7_0831300	0.074149409439216	47.650204125	51.0	40.0	74.0
PF3D7_0831400	7.932217418824561e-05	436.686489	51.0	35.5	98.0
PF3D7_0831500	1.0	311.851416	48.125	12.927083333333334	-46.0
PF3D7_0831600	7.932217418824561e-05	2.521824	48.0	46.0	98.0
PF3D7_0831700	0.074149409439216	2138.5483856250003	51.0	19.0	-74.0
PF3D7_0831800	0.0012842624885035599	12322.33929675	51.0	17.5	-90.0
PF3D7_0831900	5.124670303241732e-08	156.11710537500002	49.5	28.0	112.0
PF3D7_0832200.1	0.004141795071110547	21.348541125	45.0	30.25	86.0
PF3D7_0832200.2	1.46918915520106e-05	1069.2043158749998	51.0	31.0	102.0
PF3D7_0833300	0.074149409439216	409.4081231250001	51.0	16.0	-74.0
PF3D7_0900200	7.932217418824561e-05	83.19919875000001	51.0	13.0	-98.0
PF3D7_0901700	0.16453699804109032	59.71155225	51.0	37.0	70.0
PF3D7_0901800	0.048426734117954354	50.63886975	51.0	38.5	76.0
PF3D7_0901900	0.11143167772483249	15.124568249999996	51.0	16.0	-72.0
PF3D7_0902000	1.0	20.401640625	48.125	18.84375	-58.0
PF3D7_0902100	0.11143167772483249	2.6146830000000003	49.5	17.25	-72.0
PF3D7_0902200	1.0	59.67020587500001	48.125	29.15625	-32.0
PF3D7_0902300	0.002342695994481709	301.73448187500003	51.0	13.0	-88.0
PF3D7_0902500	0.004141795071110547	110.258459625	51.0	13.0	-86.0
PF3D7_0902700	3.516389639901545e-05	1075.6751602500003	49.5	31.75	100.0
PF3D7_0902800	0.031003550035172057	28.02992475	51.0	40.0	78.0
PF3D7_0903000	0.031003550035172057	102.82053975	51.0	38.5	78.0
PF3D7_0903100	0.007115131547795238	59.631966375000005	51.0	32.5	84.0
PF3D7_0903200	0.031003550035172057	1193.441509875	51.0	38.5	78.0
PF3D7_0903300	7.932217418824561e-05	4.5940938749999995	51.0	47.5	98.0
PF3D7_0903400	0.00034707262534643487	110.70903712499998	51.0	14.5	-94.0
PF3D7_0903500	0.0006803297011630345	56.21494950000001	51.0	10.0	-92.0
PF3D7_0903600.1	5.735652685057447e-06	19.612773750000002	47.25	4.0	-104.0
PF3D7_0903700	3.516389639901545e-05	344.29900499999997	51.0	43.0	100.0
PF3D7_0903900	5.735652685057447e-06	2126.5184542499996	51.0	31.0	104.0
PF3D7_0904000	0.007115131547795238	85.00406249999996	51.0	11.5	-84.0
PF3D7_0904100	1.0	19.734166125000005	48.125	25.0625	-26.0
PF3D7_0904400	0.11143167772483249	12.512454375	51.0	38.5	72.0
PF3D7_0904500	0.1379843378829614	45.700192875	51.0	35.5	71.0
PF3D7_0904600	0.048426734117954354	30.179167125	45.0	13.75	-76.0
PF3D7_0904700	0.002342695994481709	32.650930125	51.0	40.0	88.0
PF3D7_0904800	0.011903316453167643	87.695890125	51.0	38.5	82.0
PF3D7_0904900	0.0006803297011630345	30.41064075	51.0	41.5	92.0
PF3D7_0905100	0.4810985075880909	11.735128875000012	45.0	36.25	64.0
PF3D7_0905200	0.01943095169546062	13.775781375000005	51.0	13.0	-80.0
PF3D7_0905400	2.0695381558476795e-06	103.062741	49.5	40.25	106.0
PF3D7_0905500	0.004141795071110547	5.2994805000000005	51.0	4.0	-86.0
PF3D7_0905700.1	0.23894651657040047	29.40539287499999	51.0	43.0	68.0
PF3D7_0905700.3	0.79159886397498	22.956402374999996	51.0	41.5	61.0
PF3D7_0905800	0.11143167772483249	10.571339624999997	48.0	12.0	-72.0
PF3D7_0905900	1.0	13.828508249999992	48.125	21.375	-30.0
PF3D7_0906000	0.11143167772483249	20.962895250000003	51.0	38.5	72.0
PF3D7_0906100	0.0001698261780107018	87.235569375	51.0	43.0	96.0
PF3D7_0906300	0.4810985075880909	10.523026875000006	45.0	12.25	-64.0
PF3D7_0906500	0.6680367990420074	206.693675625	51.0	13.0	-62.0
PF3D7_0906600	1.0	101.88249712500003	48.125	26.15625	-40.0
PF3D7_0906700	1.0	10.280239125000001	48.125	33.4375	-26.0
PF3D7_0906890	0.007115131547795238	106.02120487500004	45.0	25.0	84.0
PF3D7_0906910	0.01943095169546062	78.52373774999998	51.0	31.0	80.0
PF3D7_0907000	1.0	36.112670249999994	48.125	29.40625	-30.0
PF3D7_0907200	3.516389639901545e-05	48.931319625	45.0	13.0	-100.0
PF3D7_0907300	0.9151609289079528	20.914486125	51.0	43.0	60.0
PF3D7_0907400	0.23894651657040047	110.51400337499997	51.0	35.5	68.0
PF3D7_0907500	0.16453699804109032	5.260331999999999	51.0	47.5	70.0
PF3D7_0907600	0.34159160256630494	27.27156225	45.0	13.0	-66.0
PF3D7_0907700	1.0	98.10862200000003	48.125	33.90625	-14.0
PF3D7_0907800	0.074149409439216	29.820605249999993	51.0	46.0	74.0
PF3D7_0907900	0.0006803297011630345	229.995246375	51.0	38.5	92.0
PF3D7_0908000	1.0	14.429649374999997	48.125	34.697916666666664	-4.0
PF3D7_0908200	5.735652685057447e-06	2.788647	49.5	40.25	104.0
PF3D7_0908300.1	0.011903316453167643	58.23181687500001	51.0	43.0	82.0
PF3D7_0908400	2.4927893975513022e-05	7.2389235	51.0	44.5	101.0
PF3D7_0908500	1.46918915520106e-05	2.1351952499999998	45.0	4.0	-102.0
PF3D7_0908600	1.0	11.673223875	48.125	20.75	-34.0
PF3D7_0908700	0.4810985075880909	8.701618875000001	51.0	34.0	64.0
PF3D7_0908800	0.011903316453167643	14.944902749999992	51.0	29.5	82.0
PF3D7_0909300	0.031003550035172057	276.77538150000004	51.0	17.5	-78.0
PF3D7_0909400	0.34159160256630494	49.60504649999998	45.0	13.0	-66.0
PF3D7_0909500	0.007115131547795238	6.160544625000001	45.0	5.5	-84.0
PF3D7_0909600	0.002342695994481709	9.174683250000001	51.0	44.5	88.0
PF3D7_0909700	1.46918915520106e-05	69.672591375	51.0	11.5	-102.0
PF3D7_0909800	1.0	168.065754	48.125	33.90625	-20.0
PF3D7_0909900	0.0006803297011630345	34.650918375	51.0	10.0	-92.0
PF3D7_0910100	1.0	42.0789675	48.125	14.34375	-20.0
PF3D7_0910200	1.0	25.127020875000003	48.125	18.03125	-30.0
PF3D7_0910300	1.0	16.386297000000006	48.125	33.28125	-26.0
PF3D7_0910400	0.048426734117954354	17.984358	51.0	38.5	76.0
PF3D7_0910500	0.011903316453167643	18.513151875000005	45.0	13.0	-82.0
PF3D7_0910600	0.11143167772483249	33.960969750000004	51.0	43.0	72.0
PF3D7_0910800	0.34159160256630494	27.70261424999999	51.0	43.0	66.0
PF3D7_0910900	0.048426734117954354	15.357358500000004	51.0	40.0	76.0
PF3D7_0911000	0.011903316453167643	3.5275170000000005	51.0	46.0	82.0
PF3D7_0911100	1.46918915520106e-05	16.898250750000003	49.5	3.25	-102.0
PF3D7_0911200	0.00034707262534643487	8.000797875	51.0	43.0	94.0
PF3D7_0911400	0.23894651657040047	15.100853249999997	51.0	19.0	-68.0
PF3D7_0911600	0.0012842624885035599	5.6779533749999995	51.0	41.5	90.0
PF3D7_0911700	0.002342695994481709	36.34818825000001	51.0	40.0	88.0
PF3D7_0911800	1.0	5.176258499999999	48.125	30.90625	-38.0
PF3D7_0911900	1.0	107.24197574999997	48.125	16.375	-40.0
PF3D7_0912000	1.0	8.104377	48.125	26.46875	-40.0
PF3D7_0912100	0.002342695994481709	48.95225399999999	51.0	13.0	-88.0
PF3D7_0912400	0.007115131547795238	105.44219887499997	51.0	43.0	84.0
PF3D7_0912500	0.23894651657040047	100.38543712499998	51.0	14.5	-68.0
PF3D7_0912700	0.0001698261780107018	18.607474499999995	51.0	46.0	96.0
PF3D7_0912800	0.004141795071110547	52.81837387499999	51.0	14.5	-86.0
PF3D7_0912900	1.0	47.25671099999998	48.125	32.40625	-30.0
PF3D7_0913000	1.0	376.70658975	48.125	30.21875	-48.0
PF3D7_0913200	0.0012842624885035599	366.1802925000001	51.0	35.5	90.0
PF3D7_0913300	1.46918915520106e-05	167.910196875	51.0	20.5	-102.0
PF3D7_0913400	1.46918915520106e-05	61.028608875	51.0	41.5	102.0
PF3D7_0913500	0.002342695994481709	4.669326374999999	51.0	41.5	88.0
PF3D7_0913600	0.011903316453167643	6.286018124999998	51.0	44.5	82.0
PF3D7_0913700	0.11143167772483249	64.274861625	51.0	37.0	72.0
PF3D7_0913800	0.0001698261780107018	195.64586774999998	51.0	4.0	-96.0
PF3D7_0914000	0.007115131547795238	4.9795736250000004	51.0	34.0	84.0
PF3D7_0914100	5.735652685057447e-06	13.757491875	45.0	4.0	-104.0
PF3D7_0914200	1.0	100.88360062499999	48.125	12.927083333333334	-48.0
PF3D7_0914300	0.11143167772483249	26.483760750000005	51.0	16.0	-72.0
PF3D7_0914400	0.01943095169546062	4.654353375000001	51.0	46.0	80.0
PF3D7_0914500	0.00034707262534643487	16.205991375000004	45.0	4.75	-94.0
PF3D7_0914600	0.01943095169546062	50.17259962500001	51.0	44.5	80.0
PF3D7_0914700	0.002342695994481709	329.5610639999999	49.5	7.75	-88.0
PF3D7_0914800	0.00034707262534643487	51.158779124999995	51.0	41.5	94.0
PF3D7_0914900	0.6680367990420074	12.840977250000002	51.0	38.5	62.0
PF3D7_0915000	5.735652685057447e-06	5.610669000000001	51.0	43.0	104.0
PF3D7_0915100	0.9151609289079528	360.50786737500005	51.0	16.0	-60.0
PF3D7_0915400	0.0006803297011630345	217.00744500000008	49.5	26.5	92.0
PF3D7_0915600	0.004141795071110547	80.102508	51.0	14.5	-86.0
PF3D7_0915700	0.015667134074314134	23.772787125	51.0	44.5	81.0
PF3D7_0915900	1.0	33.88986262499999	48.125	15.90625	-34.0
PF3D7_0916000	5.735652685057447e-06	5.0885036249999995	49.5	17.25	-104.0
PF3D7_0916100	1.0	26.168562	48.125	19.4375	-16.0
PF3D7_0916200	0.002342695994481709	58.527669374999995	51.0	35.5	88.0
PF3D7_0916300	0.00034707262534643487	3.5630797500000004	51.0	44.5	94.0
PF3D7_0916500	0.23894651657040047	62.335595624999996	51.0	43.0	68.0
PF3D7_0916600	0.11143167772483249	22.403791874999996	51.0	11.5	-72.0
PF3D7_0916700	0.16453699804109032	564.4653495000001	51.0	13.0	-70.0
PF3D7_0916800	0.16453699804109032	323.84773499999994	51.0	35.5	70.0
PF3D7_0916900	1.46918915520106e-05	33.699193875	48.0	11.5	-102.0
PF3D7_0917000	0.11143167772483249	18.317816999999998	51.0	38.5	72.0
PF3D7_0917100	0.16453699804109032	18.017027250000005	51.0	35.5	70.0
PF3D7_0917300	0.0012842624885035599	3.413194125	49.5	17.25	-90.0
PF3D7_0917400	0.0006803297011630345	0.42894937499999997	45.0	4.0	-92.0
PF3D7_0917500	0.004141795071110547	18.356722875000003	51.0	43.0	86.0
PF3D7_0917600	0.031003550035172057	120.34899299999998	51.0	13.0	-78.0
PF3D7_0917800	0.00034707262534643487	7.56891825	48.0	13.0	-94.0
PF3D7_0917900	1.0	1084.5522633750002	48.125	34.46875	-22.0
PF3D7_0918000	5.735652685057447e-06	43.2572535	51.0	46.0	104.0
PF3D7_0918100	1.0	157.34039662499995	48.125	20.40625	-42.0
PF3D7_0918200.1	0.01943095169546062	65.174653125	51.0	43.0	80.0
PF3D7_0918300	1.0	40.223857874999936	48.125	34.697916666666664	-14.0
PF3D7_0918600	0.011903316453167643	16.750948875	51.0	37.0	82.0
PF3D7_0918700	1.46918915520106e-05	103.803675	51.0	8.5	-102.0
PF3D7_0918800	0.011903316453167643	31.784008875000005	51.0	13.0	-82.0
PF3D7_0918900	1.0	61.082261250000045	48.125	14.75	-48.0
PF3D7_0919000	0.0012842624885035599	817.326952125	48.0	4.375	-90.0
PF3D7_0919100	1.0	144.25177649999998	48.125	14.34375	-56.0
PF3D7_0919200	0.002342695994481709	13.016411999999999	47.25	4.0	-88.0
PF3D7_0919300	0.007115131547795238	8.308944375	45.0	5.5	-84.0
PF3D7_0919400	0.0001698261780107018	6.318294	51.0	44.5	96.0
PF3D7_0919700	0.0001698261780107018	32.802642750000004	51.0	34.0	96.0
PF3D7_0919800	0.0001698261780107018	54.02479162499999	45.0	6.25	-96.0
PF3D7_0919900	0.0006803297011630345	2.902990875	49.5	40.25	92.0
PF3D7_0920000	1.0	2.426460375	48.125	31.9375	-32.0
PF3D7_0920100	0.16453699804109032	27.553835624999998	51.0	35.5	70.0
PF3D7_0920200	0.007115131547795238	20.065761000000002	51.0	41.5	84.0
PF3D7_0920500	2.0008650961031914e-07	31.811421	49.5	40.25	110.0
PF3D7_0920600	5.735652685057447e-06	5.6230593749999995	51.0	44.5	104.0
PF3D7_0920700	2.0695381558476795e-06	11.315242125000003	51.0	47.5	106.0
PF3D7_0920800	0.4810985075880909	207.9927509999999	51.0	19.0	-64.0
PF3D7_0920900	0.16453699804109032	34.553426625	45.0	13.75	-70.0
PF3D7_0921000.1	0.6680367990420074	127.62920437499997	51.0	38.5	62.0
PF3D7_0921000.2	0.11143167772483249	55.42268324999999	51.0	35.5	72.0
PF3D7_0921200	0.031003550035172057	22.597528125	51.0	19.0	-78.0
PF3D7_0921400	0.09279054358202424	1.9272753749999998	51.0	44.5	73.0
PF3D7_0921600	0.002342695994481709	10.784024625000002	51.0	11.5	-88.0
PF3D7_0921700	0.002342695994481709	21.636085875	51.0	43.0	88.0
PF3D7_0921800	1.0	21.361405875000003	48.125	18.21875	-54.0
PF3D7_0921900	1.0	86.32839787500001	48.125	17.75	-50.0
PF3D7_0922100	1.46918915520106e-05	150.240626625	51.0	13.0	-102.0
PF3D7_0922200	0.031003550035172057	570.9260827500001	49.5	17.25	-78.0
PF3D7_0922500	0.0001698261780107018	1339.9861466249997	51.0	37.0	96.0
PF3D7_0922600	0.01943095169546062	87.05319937500002	48.0	10.375	-80.0
PF3D7_0922700	0.16453699804109032	47.77956074999999	45.0	13.0	-70.0
PF3D7_0923000	1.0	17.638032	48.125	14.1875	-42.0
PF3D7_0923200	0.23894651657040047	51.22096837500002	51.0	19.0	-68.0
PF3D7_0923400	0.074149409439216	23.889011999999994	51.0	31.0	74.0
PF3D7_0923500	0.01943095169546062	4.405190625000001	51.0	47.5	80.0
PF3D7_0923600	0.34159160256630494	2.7940271250000004	51.0	43.0	66.0
PF3D7_0923800.1	0.11143167772483249	65.533363875	51.0	43.0	72.0
PF3D7_0923800.2	0.00025844940167856834	42.143879625	51.0	41.5	95.0
PF3D7_0923900	0.007115131547795238	1300.4982465000003	51.0	11.5	-84.0
PF3D7_0924000	0.048426734117954354	39.37885237500001	49.5	9.25	-76.0
PF3D7_0924100	1.0	9.939534375000001	48.125	34.875	-10.0
PF3D7_0924300	0.0012842624885035599	9.823478249999999	51.0	44.5	90.0
PF3D7_0924400	0.6680367990420074	65.22155925	45.0	13.0	-62.0
PF3D7_0924500	0.00034707262534643487	1.8190762500000002	51.0	43.0	94.0
PF3D7_0924600	0.011903316453167643	0.47250450000000005	49.5	17.25	-82.0
PF3D7_0924700	0.048426734117954354	19.829826	45.0	11.5	-76.0
PF3D7_0925200	0.0012842624885035599	124.960122	51.0	16.0	-90.0
PF3D7_0925300	0.0012842624885035599	15.319546124999999	51.0	43.0	90.0
PF3D7_0925400	0.0006803297011630345	32.75640562499999	51.0	43.0	92.0
PF3D7_0925500	3.516389639901545e-05	238.981206375	51.0	38.5	100.0
PF3D7_0925600	1.46918915520106e-05	17.477519625	51.0	46.0	102.0
PF3D7_0925700	0.4810985075880909	74.14055624999997	51.0	29.5	64.0
PF3D7_0925800	0.048426734117954354	20.815376999999998	51.0	43.0	76.0
PF3D7_0925900	1.0	508.1010922500001	48.125	30.90625	-42.0
PF3D7_0926100	2.0695381558476795e-06	62.708113874999995	51.0	11.5	-106.0
PF3D7_0926200	1.0	76.38869775	48.125	32.96875	-14.0
PF3D7_0926400	1.0	22.611780375000002	48.125	18.90625	-42.0
PF3D7_0926500	0.0006803297011630345	6.141264374999999	51.0	47.5	92.0
PF3D7_0926700	0.074149409439216	37.259043750000004	51.0	38.5	74.0
PF3D7_0926800	1.0	4.303071000000001	48.125	28.9375	-50.0
PF3D7_0926900	1.0	56.4078225	48.125	17.875	-58.0
PF3D7_0927000	1.0	8.469923999999997	48.125	30.90625	-44.0
PF3D7_0927100	0.007115131547795238	23.822754	51.0	42.25	84.0
PF3D7_0927300	7.932217418824561e-05	7.1908136250000005	51.0	46.0	98.0
PF3D7_0927600	7.932217418824561e-05	41.225883749999994	51.0	44.5	98.0
PF3D7_0927700	0.16453699804109032	25.96999575	51.0	46.0	70.0
PF3D7_0927800	6.804813352432401e-07	48.47050387499999	51.0	43.0	108.0
PF3D7_0927900	0.9151609289079528	76.30186425	51.0	31.0	60.0
PF3D7_0928000.1	1.0	79.823691	48.125	34.375	-12.0
PF3D7_0928000.2	1.0	52.36958737499999	48.125	18.53125	-32.0
PF3D7_0928200	1.0	14.906754749999994	48.125	34.875	-10.0
PF3D7_0928300	1.0	16.95396975	48.125	33.90625	-24.0
PF3D7_0928400	1.0	24.09081225	48.125	27.46875	-26.0
PF3D7_0928500	0.074149409439216	45.26417662500002	47.25	16.0	-74.0
PF3D7_0928600	0.09279054358202424	129.96221549999999	48.0	34.0	73.0
PF3D7_0928900	1.46918915520106e-05	48.52946025000001	51.0	32.5	102.0
PF3D7_0929000	1.0	28.917170625000004	48.125	18.84375	-52.0
PF3D7_0929100	0.01943095169546062	22.893613875	51.0	43.0	80.0
PF3D7_0929200	0.0012842624885035599	173.90284987499993	51.0	13.0	-90.0
PF3D7_0929300	0.002342695994481709	8.265856125	51.0	44.5	88.0
PF3D7_0929400	2.0008650961031914e-07	24.123060374999998	51.0	47.5	110.0
PF3D7_0929600	0.011903316453167643	3.5330640000000004	45.0	5.5	-82.0
PF3D7_0929900	0.048426734117954354	2.493652125	51.0	44.5	76.0
PF3D7_0930100	0.00034707262534643487	14.29550925	51.0	43.0	94.0
PF3D7_0930200	0.0012842624885035599	5.206649624999999	49.5	17.25	-90.0
PF3D7_0930300	1.46918915520106e-05	529.5600877500001	47.25	4.0	-102.0
PF3D7_0930400.1	0.007115131547795238	70.77310575	51.0	14.5	-84.0
PF3D7_0930500	5.735652685057447e-06	43.517719125000006	45.0	11.5	-104.0
PF3D7_0930600.1	1.0	11.846088750000003	48.125	12.927083333333334	-42.0
PF3D7_0930700	0.23894651657040047	8.816485499999999	48.0	21.5	-68.0
PF3D7_0930800	0.00034707262534643487	19.449798375000004	51.0	41.5	94.0
PF3D7_0931000	0.11143167772483249	18.12405225	45.0	23.5	-72.0
PF3D7_0931100	0.074149409439216	140.55661650000002	51.0	13.0	-74.0
PF3D7_0931200	1.0	11.225302125	48.125	13.895833333333334	-22.0
PF3D7_0931300	1.0	5.348122875	48.125	21.8125	-34.0
PF3D7_0931400	1.0	40.59545999999999	48.125	30.4375	-36.0
PF3D7_0931500	1.0	8.047266375	48.125	33.90625	-10.0
PF3D7_0931800	0.16453699804109032	131.93352112499997	51.0	38.5	70.0
PF3D7_0931900	0.00034707262534643487	3.43735125	49.5	40.25	94.0
PF3D7_0932000	3.516389639901545e-05	54.800965875	49.5	40.25	100.0
PF3D7_0932100	0.01943095169546062	36.387911625	45.0	7.0	-80.0
PF3D7_0932200	2.0695381558476795e-06	311.48048025	51.0	47.5	106.0
PF3D7_0932300	0.0006803297011630345	152.54725687500002	51.0	37.0	92.0
PF3D7_0932400	0.0006803297011630345	31.991980125	51.0	43.0	92.0
PF3D7_0932500	0.002342695994481709	9.827881125	51.0	44.5	88.0
PF3D7_0932600	0.004141795071110547	26.988813374999992	51.0	43.0	86.0
PF3D7_0932800	1.0	9.983569874999986	48.125	35.166666666666664	-6.0
PF3D7_0932900	0.007115131547795238	13.113042375000001	51.0	13.0	-84.0
PF3D7_0933000	0.00034707262534643487	55.35558712499997	51.0	10.0	-94.0
PF3D7_0933200	0.004141795071110547	152.94846525	51.0	43.0	86.0
PF3D7_0933300	0.0006803297011630345	12.743044875	51.0	41.5	92.0
PF3D7_0933500	0.031003550035172057	15.838452375	51.0	43.0	78.0
PF3D7_0933600	0.16453699804109032	125.04196912500001	51.0	38.5	70.0
PF3D7_0933700	0.009509224000481441	6.511127625	51.0	44.5	83.0
PF3D7_0933900	0.9151609289079528	96.12783862499997	45.0	10.75	-60.0
PF3D7_0934000	0.16453699804109032	13.165790999999999	51.0	37.0	70.0
PF3D7_0934100	0.6680367990420074	13.6022985	51.0	43.0	62.0
PF3D7_0934300	0.061288071778585175	18.12399525	51.0	44.5	75.0
PF3D7_0934400	0.0012842624885035599	80.355438	51.0	43.0	90.0
PF3D7_0934500	1.0	85.79875949999996	48.125	33.90625	-16.0
PF3D7_0934600	0.16453699804109032	6.636958875	45.0	4.0	-70.0
PF3D7_0934700	1.0	22.85228812499998	48.125	19.5625	-18.0
PF3D7_0934800	0.004141795071110547	47.285470125	51.0	47.5	86.0
PF3D7_0934900	0.011903316453167643	13.951938375	51.0	10.0	-82.0
PF3D7_0935000	1.0	53.431246875000014	48.125	19.875	-56.0
PF3D7_0935100	1.0	94.47697912499999	48.125	18.90625	-40.0
PF3D7_0935200	0.16453699804109032	31.377664124999995	45.0	13.75	-70.0
PF3D7_0935300	0.048426734117954354	19.629106874999998	45.0	10.0	-76.0
PF3D7_0935400	0.01943095169546062	4.11731775	51.0	44.5	80.0
PF3D7_0935500	1.0	74.36685525000001	48.125	17.875	-56.0
PF3D7_0935600	7.932217418824561e-05	1380.4494251249998	51.0	11.5	-98.0
PF3D7_0935700	1.0	210.64456462499996	48.125	13.15625	-58.0
PF3D7_0935800	1.8582607868322154e-09	9.488416875	51.0	46.0	116.0
PF3D7_0935900	7.932217418824561e-05	5117.228828625	51.0	16.0	-98.0
PF3D7_0936000	3.516389639901545e-05	6917.570175750001	51.0	17.5	-100.0
PF3D7_0936100	0.007115131547795238	545.77998825	51.0	40.0	84.0
PF3D7_0936200	2.0695381558476795e-06	500.012401125	51.0	32.5	106.0
PF3D7_0936300	0.007115131547795238	5480.404468125	51.0	13.0	-84.0
PF3D7_0936400	0.0006803297011630345	83.30835525	48.0	23.5	-92.0
PF3D7_0936500	1.46918915520106e-05	22.64654925	51.0	17.5	-102.0
PF3D7_0936600	7.932217418824561e-05	390.21095137500004	51.0	20.5	-98.0
PF3D7_0936800	1.8582607868322154e-09	1123.138017375	48.0	23.5	-116.0
PF3D7_1000100	0.01943095169546062	8.187948375	51.0	43.0	80.0
PF3D7_1000400	0.031003550035172057	24.198223499999997	51.0	13.0	-78.0
PF3D7_1001000	0.0001698261780107018	93.7294515	51.0	31.0	96.0
PF3D7_1001100.1	0.01943095169546062	83.21549887500001	51.0	8.5	-80.0
PF3D7_1001100.2	0.048426734117954354	157.331218125	51.0	8.5	-76.0
PF3D7_1001200	0.009509224000481441	552.7561717499999	51.0	41.5	83.0
PF3D7_1001400	0.00034707262534643487	302.41882875	51.0	17.5	-94.0
PF3D7_1001500	0.011903316453167643	16429.003252125	51.0	20.5	-82.0
PF3D7_1001600	7.932217418824561e-05	13.105026	49.5	40.25	98.0
PF3D7_1001700	5.735652685057447e-06	317.919052125	49.5	7.75	-104.0
PF3D7_1001800	2.0695381558476795e-06	193.463694	51.0	5.5	-106.0
PF3D7_1001900	0.23894651657040047	370.406722875	51.0	10.0	-68.0
PF3D7_1002000	0.0001698261780107018	130.54309875	51.0	10.0	-96.0
PF3D7_1002100	0.0012842624885035599	1978.732604625	51.0	13.0	-90.0
PF3D7_1002200	0.048426734117954354	47.299334625	51.0	43.0	76.0
PF3D7_1002400.1	0.9151609289079528	1073.1743711250003	51.0	5.5	-60.0
PF3D7_1002500	0.11143167772483249	162.90722287499997	51.0	43.0	72.0
PF3D7_1002700	1.0	12.701073374999996	48.125	16.375	-36.0
PF3D7_1002900	1.0	64.20057825	48.125	19.9375	-36.0
PF3D7_1003000	0.00034707262534643487	1.8578298750000002	51.0	4.0	-94.0
PF3D7_1003100	0.074149409439216	79.616698125	51.0	44.5	74.0
PF3D7_1003200	0.031003550035172057	34.109566875	51.0	41.5	78.0
PF3D7_1003300	0.16453699804109032	81.21343124999999	51.0	32.5	70.0
PF3D7_1003400	5.735652685057447e-06	2.87047875	45.0	4.0	-104.0
PF3D7_1003500	0.00034707262534643487	3336.476980124999	51.0	29.5	94.0
PF3D7_1003600	5.735652685057447e-06	149.99263349999998	49.5	17.25	-104.0
PF3D7_1003700	1.0	12.570371625	48.125	34.875	-14.0
PF3D7_1003800	0.16453699804109032	30.127177124999996	49.5	28.0	70.0
PF3D7_1004000	0.002342695994481709	3669.9301961250003	51.0	32.5	88.0
PF3D7_1004200	0.007115131547795238	26.324726249999998	51.0	41.5	84.0
PF3D7_1004300	1.46918915520106e-05	286.84866600000004	49.5	11.5	-102.0
PF3D7_1004400	5.735652685057447e-06	318.191318625	51.0	34.0	104.0
PF3D7_1004500	0.007115131547795238	11.261645625	51.0	41.5	84.0
PF3D7_1004600	0.0001698261780107018	0.5647627500000001	51.0	44.5	96.0
PF3D7_1004700	0.01943095169546062	9.458026125	51.0	41.5	80.0
PF3D7_1004800	0.11143167772483249	39.693505875	51.0	37.0	72.0
PF3D7_1004900	0.00034707262534643487	42.49349662499999	51.0	43.0	94.0
PF3D7_1005100	0.0006803297011630345	23.442339374999996	51.0	13.0	-92.0
PF3D7_1005500	0.11143167772483249	74.46125775	51.0	38.5	72.0
PF3D7_1005600	1.0	22.859260500000016	48.125	22.78125	-30.0
PF3D7_1005800	0.061288071778585175	2.212756875	49.5	17.25	-75.0
PF3D7_1005900	1.46918915520106e-05	13.0989525	51.0	44.5	102.0
PF3D7_1006100	0.011903316453167643	99.04293562500001	45.0	37.0	82.0
PF3D7_1006200	1.0	2050.8799739999995	48.125	14.8125	-56.0
PF3D7_1006500	0.09279054358202424	19.72981875	51.0	40.0	73.0
PF3D7_1006600	0.11143167772483249	142.265847	51.0	38.5	72.0
PF3D7_1006700	1.0	53.988544874999995	48.125	18.75	-54.0
PF3D7_1006800	0.048426734117954354	3083.9180145000005	51.0	10.0	-76.0
PF3D7_1006900	1.0	35.55277274999999	48.125	29.9375	-38.0
PF3D7_1007000	1.0	88.375236	48.125	34.46875	-16.0
PF3D7_1007100	1.0	2.357272875	48.125	24.96875	-39.0
PF3D7_1007200	3.516389639901545e-05	12.404810625	45.0	4.75	-100.0
PF3D7_1007300	0.11143167772483249	3.5743912499999997	45.0	4.75	-72.0
PF3D7_1007400	1.0	9.375147000000002	48.125	30.4375	-14.0
PF3D7_1007500	3.516389639901545e-05	35.557024125	45.0	13.0	-100.0
PF3D7_1007600	0.048426734117954354	121.483129875	45.0	13.0	-76.0
PF3D7_1007700	0.002342695994481709	507.8965012499999	51.0	34.0	88.0
PF3D7_1007900	1.0	65.97679987499995	48.125	34.46875	-18.0
PF3D7_1008000	1.0	26.938483500000004	48.125	13.625	-48.0
PF3D7_1008100	1.0	16.19514787500001	48.125	22.78125	-22.0
PF3D7_1008200	0.0009822960948332972	3.6340589999999997	51.0	44.5	91.0
PF3D7_1008400	0.34159160256630494	160.907676375	51.0	44.5	66.0
PF3D7_1008500	1.0	35.695956374999994	48.125	14.875	-52.0
PF3D7_1008700	5.735652685057447e-06	664.2495502499999	51.0	43.0	104.0
PF3D7_1008800	0.23894651657040047	281.24203837499994	51.0	17.5	-68.0
PF3D7_1008900	0.16453699804109032	382.12354875	51.0	38.5	70.0
PF3D7_1009000	1.0	17.958975375	48.125	20.25	-34.0
PF3D7_1009200	0.074149409439216	21.469466249999996	51.0	14.5	-74.0
PF3D7_1009400	0.4810985075880909	21.164863875000012	45.0	11.5	-64.0
PF3D7_1009500	0.16453699804109032	42.01091925000001	51.0	38.5	70.0
PF3D7_1009600	0.007115131547795238	69.718468875	51.0	38.5	84.0
PF3D7_1009700	0.34159160256630494	4.4447167499999995	51.0	47.5	66.0
PF3D7_1009800	0.0001698261780107018	25.753612124999997	51.0	14.5	-96.0
PF3D7_1010000	2.0695381558476795e-06	101.538559875	45.0	2.5	-106.0
PF3D7_1010100	0.004141795071110547	63.737216625	51.0	5.5	-86.0
PF3D7_1010200	0.007115131547795238	59.37848325000002	51.0	16.0	-84.0
PF3D7_1010300	7.932217418824561e-05	1760.8810511250003	51.0	4.0	-98.0
PF3D7_1010400	0.00034707262534643487	2.8478069999999995	49.5	40.25	94.0
PF3D7_1010500	0.23894651657040047	2.3371889999999995	45.0	5.5	-68.0
PF3D7_1010600	0.074149409439216	258.49856812500013	51.0	22.0	-74.0
PF3D7_1010700	0.007115131547795238	233.53656975000004	51.0	22.0	-84.0
PF3D7_1010800	0.048426734117954354	15.944355375	51.0	43.0	76.0
PF3D7_1010900	1.0	8.998222875	48.125	30.90625	-40.0
PF3D7_1011000	0.0001698261780107018	23.180598750000005	51.0	44.5	96.0
PF3D7_1011200.1	0.4810985075880909	155.88869474999996	51.0	34.0	64.0
PF3D7_1011400	0.031003550035172057	225.67981762500006	51.0	38.5	78.0
PF3D7_1011500	1.0	17.024145749999995	48.125	17.75	-28.0
PF3D7_1011700	1.0	91.83885412499998	48.125	34.46875	-22.0
PF3D7_1011800	0.6680367990420074	217.34698087500004	51.0	13.0	-62.0
PF3D7_1011900	0.34159160256630494	21.710495249999997	51.0	41.5	66.0
PF3D7_1012000	1.0	11.63112	48.125	33.90625	-16.0
PF3D7_1012100	3.516389639901545e-05	36.53103825	51.0	43.0	100.0
PF3D7_1012200	3.516389639901545e-05	25.40523075	49.5	40.25	100.0
PF3D7_1012300	0.0012842624885035599	39.796437000000005	51.0	43.0	90.0
PF3D7_1012400	0.0001698261780107018	8846.175713249999	51.0	35.5	96.0
PF3D7_1012500	0.074149409439216	42.35701837500002	48.0	44.5	74.0
PF3D7_1012600	0.048426734117954354	177.06564149999997	51.0	13.0	-76.0
PF3D7_1012700	0.031003550035172057	38.908687875000005	45.0	7.75	-78.0
PF3D7_1012900	1.0	74.81519662499997	48.125	34.46875	-18.0
PF3D7_1013000	1.0	6.8430097499999984	48.125	33.8125	-24.0
PF3D7_1013100	0.031003550035172057	41.791708499999984	51.0	13.0	-78.0
PF3D7_1013200	0.031003550035172057	38.679646500000004	51.0	35.5	78.0
PF3D7_1013500	0.16453699804109032	12.220687125	51.0	43.0	70.0
PF3D7_1013600	0.00034707262534643487	9.4842495	51.0	44.5	94.0
PF3D7_1013700	0.005628463309452892	20.10237825	51.0	41.5	85.0
PF3D7_1013800	1.46918915520106e-05	5.790845625000001	49.5	40.25	102.0
PF3D7_1013900	5.735652685057447e-06	40.63368300000002	45.0	13.0	-104.0
PF3D7_1014100	0.004141795071110547	6.352103625	45.0	4.0	-86.0
PF3D7_1014300	0.23894651657040047	10.154697375000001	51.0	46.0	68.0
PF3D7_1014400	1.0	18.181176375	48.125	18.21875	-36.0
PF3D7_1014600	1.0	73.57988625	48.125	18.375	-40.0
PF3D7_1014700	1.46918915520106e-05	186.397947375	51.0	35.5	102.0
PF3D7_1014900	1.46918915520106e-05	2.928982125	49.5	40.25	102.0
PF3D7_1015000	0.6680367990420074	11.210192625000001	51.0	44.5	62.0
PF3D7_1015100	0.9151609289079528	12.733925249999999	49.5	17.25	-60.0
PF3D7_1015200.1	1.0	20.504619750000003	48.125	22.71875	-54.0
PF3D7_1015200.2	1.0	24.009969750000003	48.125	19.25	-38.0
PF3D7_1015200.3	1.0	17.492157374999998	48.125	21.96875	-17.0
PF3D7_1015300	0.007115131547795238	112.26860212500003	51.0	17.5	-84.0
PF3D7_1015400	0.0012842624885035599	15.7764405	51.0	43.0	90.0
PF3D7_1015600	1.46918915520106e-05	443.42580712500006	51.0	37.0	102.0
PF3D7_1015700.1	0.1379843378829614	9.983464125000001	51.0	43.0	71.0
PF3D7_1015800	0.0012842624885035599	121.890553875	51.0	41.5	90.0
PF3D7_1015900	0.0001698261780107018	1807.15632525	51.0	34.0	96.0
PF3D7_1016000	1.46918915520106e-05	4.8865395000000005	49.5	17.25	-102.0
PF3D7_1016200	0.4810985075880909	37.91414962500001	51.0	13.0	-64.0
PF3D7_1016300	0.0012842624885035599	2535.9626718749996	51.0	38.5	90.0
PF3D7_1016400	0.074149409439216	351.90413400000006	51.0	34.0	74.0
PF3D7_1016600	0.0001698261780107018	50.55041887499999	48.0	10.375	-96.0
PF3D7_1016700	1.0	150.04910962499997	48.125	12.927083333333334	-46.0
PF3D7_1016800	0.011903316453167643	202.48202250000003	51.0	13.0	-82.0
PF3D7_1016900	0.011903316453167643	573.5758226249999	51.0	41.5	82.0
PF3D7_1017000	0.004141795071110547	38.674368375	51.0	41.5	86.0
PF3D7_1017100	2.0695381558476795e-06	11.681159250000002	51.0	47.5	106.0
PF3D7_1017300.1	0.01943095169546062	36.857146125	51.0	43.0	80.0
PF3D7_1017400	1.099815087910326e-08	408.09378675000005	49.5	28.0	114.0
PF3D7_1017500	1.0	94.02615975	48.125	21.84375	-56.0
PF3D7_1017600	0.002342695994481709	67.80127275000001	51.0	13.0	-88.0
PF3D7_1017900	1.0	26.246767499999997	48.125	31.9375	-38.0
PF3D7_1018000	0.11143167772483249	17.447182875	51.0	44.5	72.0
PF3D7_1018200	6.804813352432401e-07	4.841285249999999	49.5	40.25	108.0
PF3D7_1018300	0.34159160256630494	64.08592050000004	51.0	11.5	-66.0
PF3D7_1018400	0.16453699804109032	3.832876125000001	51.0	11.5	-70.0
PF3D7_1018500	1.0	382.5084509999998	48.125	13.15625	-58.0
PF3D7_1018600	0.011903316453167643	31.000879125000004	51.0	13.0	-82.0
PF3D7_1018700	1.0	19.19953012499999	48.125	28.21875	-20.0
PF3D7_1019000	0.34159160256630494	39.72776137500002	45.0	12.25	-66.0
PF3D7_1019100	0.00034707262534643487	0.67800525	45.0	4.0	-94.0
PF3D7_1019300	0.031003550035172057	4.4286101250000005	51.0	44.5	78.0
PF3D7_1019400	0.031003550035172057	3997.8901488750002	51.0	35.5	78.0
PF3D7_1019500.2	0.0001698261780107018	16.906425375	51.0	44.5	96.0
PF3D7_1019600	0.00034707262534643487	1.9694216249999998	51.0	44.5	94.0
PF3D7_1019700	0.0001698261780107018	5.117995125	51.0	43.0	96.0
PF3D7_1019800	3.516389639901545e-05	13.230628875	51.0	43.0	100.0
PF3D7_1019900	0.0001698261780107018	105.733486875	51.0	43.0	96.0
PF3D7_1020000	0.074149409439216	148.54016474999997	51.0	16.0	-74.0
PF3D7_1020100	0.23894651657040047	1.6422194999999997	45.0	4.0	-68.0
PF3D7_1020400	0.11143167772483249	23.174090249999992	51.0	19.0	-72.0
PF3D7_1020500	0.23894651657040047	10.098060749999998	51.0	43.0	68.0
PF3D7_1020700	0.011903316453167643	46.823200125	51.0	13.0	-82.0
PF3D7_1020900	1.0	260.339776125	48.125	33.4375	-14.0
PF3D7_1021000	6.804813352432401e-07	37.14862425	51.0	44.5	108.0
PF3D7_1021100	0.0012842624885035599	22.375196624999997	46.5	11.5	-90.0
PF3D7_1021200	1.46918915520106e-05	21.064395000000005	51.0	46.0	102.0
PF3D7_1021300	5.735652685057447e-06	11.489164500000001	51.0	43.0	104.0
PF3D7_1021400	1.0	41.415828374999975	48.125	14.1875	-48.0
PF3D7_1021500	0.004141795071110547	38.16944174999999	51.0	14.5	-86.0
PF3D7_1021600	1.0	105.27345525000001	48.125	28.9375	-50.0
PF3D7_1021700	0.002342695994481709	31.58353425	46.5	33.25	88.0
PF3D7_1021800	7.932217418824561e-05	29.3024595	51.0	44.5	98.0
PF3D7_1021900	0.002342695994481709	104.507716125	51.0	43.0	88.0
PF3D7_1022000	1.0	20.240993999999993	48.125	20.75	-38.0
PF3D7_1022100	0.002342695994481709	104.72009587500001	51.0	13.0	-88.0
PF3D7_1022200	0.01943095169546062	23.981685	51.0	38.5	80.0
PF3D7_1022400	7.932217418824561e-05	705.0141899999999	51.0	20.5	-98.0
PF3D7_1022500	0.031003550035172057	9.13401225	51.0	46.0	78.0
PF3D7_1022600	0.002342695994481709	99.36581175	51.0	13.0	-88.0
PF3D7_1022700	0.011903316453167643	25.334007750000005	45.0	4.0	-82.0
PF3D7_1022800	0.0006803297011630345	26.557689749999998	51.0	44.5	92.0
PF3D7_1022900	6.804813352432401e-07	77.28778425	51.0	44.5	108.0
PF3D7_1023000	0.0006803297011630345	2.908668000000001	49.5	17.25	-92.0
PF3D7_1023200	1.0	12.573334124999995	48.125	34.229166666666664	-4.0
PF3D7_1023300	0.0005137011632547347	101.292616125	51.0	41.5	93.0
PF3D7_1023400	5.735652685057447e-06	36.82662824999999	51.0	43.0	104.0
PF3D7_1023900	1.0	79.34236537500001	48.125	19.9375	-38.0
PF3D7_1024000	0.002342695994481709	32.708323125	51.0	43.0	88.0
PF3D7_1024200	0.031003550035172057	42.053658	51.0	43.0	78.0
PF3D7_1024300	0.015667134074314134	19.617342	51.0	40.75	81.0
PF3D7_1024500	0.0012842624885035599	10.085332125	51.0	44.5	90.0
PF3D7_1024600	0.6680367990420074	8.570659500000001	51.0	46.0	62.0
PF3D7_1024700	3.516389639901545e-05	22.424121	51.0	43.0	100.0
PF3D7_1024800	0.031003550035172057	1253.370009375	51.0	13.0	-78.0
PF3D7_1025000	1.46918915520106e-05	135.23153737499996	51.0	10.0	-102.0
PF3D7_1025100	0.0012842624885035599	78.50004	45.0	7.0	-90.0
PF3D7_1025200	0.0018134792414926343	4.223161125	51.0	43.0	89.0
PF3D7_1025300	0.002342695994481709	24.283837125	51.0	38.5	88.0
PF3D7_1025400	5.735652685057447e-06	2.1041879999999997	51.0	47.5	104.0
PF3D7_1025600	0.02521725086531634	233.67306787500002	51.0	42.25	79.0
PF3D7_1025700	0.0012842624885035599	64.01894775000001	51.0	40.0	90.0
PF3D7_1025800	0.11143167772483249	38.553336	51.0	43.75	72.0
PF3D7_1025900	0.16453699804109032	8.690925	51.0	43.0	70.0
PF3D7_1026000	0.0006803297011630345	82.30293750000001	51.0	29.5	92.0
PF3D7_1026200	0.00034707262534643487	19.415095125	51.0	41.5	94.0
PF3D7_1026300	0.16453699804109032	11.90939325	51.0	40.0	70.0
PF3D7_1026500	0.34159160256630494	14.230802999999998	51.0	47.5	66.0
PF3D7_1026600	0.031003550035172057	52.097896875	51.0	4.0	-78.0
PF3D7_1026800	0.0001698261780107018	3147.1783702499993	51.0	20.5	-96.0
PF3D7_1027100	0.01943095169546062	78.627487875	51.0	13.0	-80.0
PF3D7_1027200	1.0	29.013436499999994	48.125	22.25	-54.0
PF3D7_1027300	1.46918915520106e-05	2159.7768393750002	51.0	4.0	-102.0
PF3D7_1027400	1.0	85.14692662500002	48.125	21.28125	-54.0
PF3D7_1027500	0.4810985075880909	23.755701000000002	51.0	44.5	64.0
PF3D7_1027700.1	0.004141795071110547	105.86203275	51.0	43.0	86.0
PF3D7_1027800	0.074149409439216	2003.3827901250004	51.0	22.0	-74.0
PF3D7_1027900	1.0	10.759525499999997	48.125	34.697916666666664	-4.0
PF3D7_1028000	1.46918915520106e-05	35.43054712499999	51.0	31.0	102.0
PF3D7_1028200	0.002342695994481709	10.507667625	51.0	44.5	88.0
PF3D7_1028300	0.00034707262534643487	52.673332125	51.0	13.0	-94.0
PF3D7_1028400	0.01943095169546062	70.35172725	51.0	13.0	-80.0
PF3D7_1028500	0.011903316453167643	23.51344462500001	45.0	11.5	-82.0
PF3D7_1028600	7.932217418824561e-05	31.648282875	51.0	46.0	98.0
PF3D7_1028700	2.0695381558476795e-06	75.128352375	45.0	4.0	-106.0
PF3D7_1028800	3.516389639901545e-05	79.92486562500001	51.0	44.5	100.0
PF3D7_1028900	0.0006803297011630345	5.9300988750000005	45.0	4.0	-92.0
PF3D7_1029200	0.01943095169546062	47.096239125000004	51.0	16.0	-80.0
PF3D7_1029300	0.004141795071110547	29.496582749999995	51.0	43.0	86.0
PF3D7_1029400	1.0	19.816317	48.125	28.03125	-12.0
PF3D7_1029600	1.0	562.45933125	48.125	30.90625	-30.0
PF3D7_1029800	0.007115131547795238	73.11705037499999	51.0	43.0	84.0
PF3D7_1029900	0.004141795071110547	2.9463247500000005	49.5	17.25	-86.0
PF3D7_1030000	0.00034707262534643487	487.8053268749999	51.0	13.0	-94.0
PF3D7_1030100	1.0	43.99553999999998	48.125	13.15625	-48.0
PF3D7_1030200	3.516389639901545e-05	46.89910987499999	46.5	6.25	-100.0
PF3D7_1030300	5.735652685057447e-06	85.85893687500001	51.0	10.0	-104.0
PF3D7_1030500	1.0	14.301741375000002	48.125	30.90625	-44.0
PF3D7_1030600	0.074149409439216	23.155430250000002	45.0	12.25	-74.0
PF3D7_1030700	0.16453699804109032	19.465470375000006	51.0	14.5	-70.0
PF3D7_1030800	0.23894651657040047	17.948155125	49.5	17.25	-68.0
PF3D7_1031100	1.0	5.625486749999999	48.125	35.166666666666664	-6.0
PF3D7_1031200	3.516389639901545e-05	13.996783499999998	45.0	4.0	-100.0
PF3D7_1031300	0.4810985075880909	26.877763499999993	51.0	34.0	64.0
PF3D7_1031400.1	0.015667134074314134	3.16991025	51.0	47.5	81.0
PF3D7_1031400.2	1.0	2.441869875	48.125	25.9375	-51.0
PF3D7_1031500	1.0	44.895097875000005	48.125	13.625	-42.0
PF3D7_1031600	1.0	20.79913949999999	48.125	27.96875	-14.0
PF3D7_1031700	0.011903316453167643	125.36531400000004	51.0	47.5	82.0
PF3D7_1031800	7.932217418824561e-05	4.711775625	51.0	46.0	98.0
PF3D7_1032000	0.004141795071110547	23.735026499999996	51.0	43.0	86.0
PF3D7_1032100	0.00034707262534643487	164.26903162499997	51.0	13.0	-94.0
PF3D7_1032400	0.00034707262534643487	20.34056925	51.0	43.0	94.0
PF3D7_1032500	1.0	47.72391675	48.125	32.40625	-18.0
PF3D7_1032700	1.0	12.470572875000002	48.125	12.927083333333334	-38.0
PF3D7_1032800	0.002342695994481709	8.056470000000001	51.0	41.5	88.0
PF3D7_1032900	0.048426734117954354	14.667537375	51.0	16.0	-76.0
PF3D7_1033000	1.0	6.982314375000001	48.125	17.875	-50.0
PF3D7_1033100	1.0	280.663236375	48.125	13.6875	-58.0
PF3D7_1033200	0.0006803297011630345	1088.2379111250002	51.0	32.5	92.0
PF3D7_1033300	0.007115131547795238	301.202754375	51.0	37.0	84.0
PF3D7_1033400	7.932217418824561e-05	1557.9482564999998	51.0	32.5	98.0
PF3D7_1033500	0.031003550035172057	23.107326374999992	45.0	11.5	-78.0
PF3D7_1033600	0.0001698261780107018	208.59075187500002	51.0	13.0	-96.0
PF3D7_1033700	1.0	59.085813375000036	48.125	14.75	-56.0
PF3D7_1033900	0.4810985075880909	39.308038124999996	45.0	4.75	-64.0
PF3D7_1034000	1.0	27.205205249999988	48.125	17.40625	-22.0
PF3D7_1034200	0.11143167772483249	13.992544875	51.0	41.5	72.0
PF3D7_1034400	0.00034707262534643487	72.119065875	51.0	41.5	94.0
PF3D7_1034500	0.002342695994481709	16.359840000000002	51.0	43.0	88.0
PF3D7_1034600	0.01943095169546062	8.205939375	51.0	44.5	80.0
PF3D7_1034700	0.002342695994481709	8.874374625	51.0	46.0	88.0
PF3D7_1034800	0.061288071778585175	23.882684999999995	51.0	43.0	75.0
PF3D7_1034900	0.002342695994481709	156.40933725	45.0	7.75	-88.0
PF3D7_1035100	6.804813352432401e-07	8.465148000000001	49.5	40.25	108.0
PF3D7_1035300	0.00034707262534643487	35.322045375	45.0	4.0	-94.0
PF3D7_1035400	0.0001698261780107018	393.604612125	47.25	4.0	-96.0
PF3D7_1035500	5.735652685057447e-06	115.376360625	45.0	4.0	-104.0
PF3D7_1035600	3.516389639901545e-05	18.054799499999998	45.0	4.0	-100.0
PF3D7_1035700	3.516389639901545e-05	56.21815162499999	47.25	4.0	-100.0
PF3D7_1035800	5.735652685057447e-06	129.252634875	51.0	29.5	104.0
PF3D7_1035900	0.0001698261780107018	95.71932899999999	45.0	4.0	-96.0
PF3D7_1036000	6.804813352432401e-07	29.356960499999996	45.0	4.0	-108.0
PF3D7_1036500	1.46918915520106e-05	33.09684300000001	47.25	4.0	-102.0
PF3D7_1036600.1	0.0012842624885035599	17.622061125	51.0	44.5	90.0
PF3D7_1036700	0.0012842624885035599	79.6424505	51.0	37.0	90.0
PF3D7_1036800	0.002342695994481709	8.084703000000001	51.0	44.5	88.0
PF3D7_1036900	0.002342695994481709	205.182357375	51.0	10.0	-88.0
PF3D7_1037000	0.002342695994481709	7.474051875000001	51.0	44.5	88.0
PF3D7_1037100	5.735652685057447e-06	67.145218875	51.0	37.0	104.0
PF3D7_1037300	0.00034707262534643487	279.03413812499997	51.0	31.0	94.0
PF3D7_1037500	6.804813352432401e-07	6.052561500000001	51.0	47.5	108.0
PF3D7_1037600	1.0	24.44352750000001	48.125	22.875	-52.0
PF3D7_1037700	0.004141795071110547	278.868096	47.25	21.25	-86.0
PF3D7_1037900	0.6680367990420074	9.232107	49.5	1.75	-62.0
PF3D7_1038000.1	0.0006803297011630345	2623.715394750001	47.25	5.875	-92.0
PF3D7_1038000.2	0.0006803297011630345	836.9493959999999	45.0	7.0	-92.0
PF3D7_1038100	0.0012842624885035599	4.683050999999999	51.0	29.5	90.0
PF3D7_1038200	1.0	52.48209150000001	48.125	25.8125	-16.0
PF3D7_1038800	5.735652685057447e-06	83.88065887499998	51.0	11.5	-104.0
PF3D7_1038900	0.007115131547795238	8.85304575	51.0	44.5	84.0
PF3D7_1039000	0.00034707262534643487	223.3515165	45.0	25.0	94.0
PF3D7_1101000	0.03971514207656321	17.333286	51.0	40.0	77.0
PF3D7_1102300	0.004141795071110547	13.473450750000001	45.0	25.0	86.0
PF3D7_1102400	0.048426734117954354	17.868394125000002	51.0	34.0	76.0
PF3D7_1102500	1.0	18.259819125	48.125	35.166666666666664	-14.0
PF3D7_1102700	0.16453699804109032	10415.779284375	51.0	14.5	-70.0
PF3D7_1102800	0.007115131547795238	116761.501881	51.0	13.0	-84.0
PF3D7_1102900	0.0012842624885035599	43.457140124999995	51.0	5.5	-90.0
PF3D7_1103000	0.34159160256630494	2.747025	51.0	4.0	-66.0
PF3D7_1103100	0.002342695994481709	4804.391157000001	49.5	26.5	88.0
PF3D7_1103400	2.0695381558476795e-06	19.24496175	51.0	43.0	106.0
PF3D7_1103600	1.0	18.902338499999992	48.125	34.875	-6.0
PF3D7_1103700	0.048426734117954354	92.178541875	51.0	43.0	76.0
PF3D7_1103800	7.932217418824561e-05	29.046825000000002	51.0	43.0	98.0
PF3D7_1103900	1.0	4.310572499999999	48.125	24.78125	-9.0
PF3D7_1104000	1.0	31.091914875000004	48.125	34.46875	-22.0
PF3D7_1104100	0.011903316453167643	34.14763425	51.0	7.0	-82.0
PF3D7_1104200	1.0	34.286283750000024	48.125	30.875	-20.0
PF3D7_1104300	0.11143167772483249	43.42624875	51.0	43.0	72.0
PF3D7_1104400	1.0	115.85603700000004	48.125	34.46875	-18.0
PF3D7_1104700.1	7.932217418824561e-05	236.969417625	51.0	37.0	98.0
PF3D7_1104800	0.0006803297011630345	148.24341525	51.0	32.5	92.0
PF3D7_1104900	1.46918915520106e-05	8.316491625	45.0	4.0	-102.0
PF3D7_1105000	0.11143167772483249	2474.011207500001	47.25	4.0	-72.0
PF3D7_1105100	0.00034707262534643487	7701.64495125	51.0	41.5	94.0
PF3D7_1105300	0.0006803297011630345	4.2250721250000005	51.0	46.0	92.0
PF3D7_1105400	0.0012842624885035599	2509.696576499999	51.0	29.5	90.0
PF3D7_1105500	0.23894651657040047	33.757810125	51.0	43.0	68.0
PF3D7_1105600	1.0	50.11059	48.125	34.697916666666664	-10.0
PF3D7_1105700	0.11143167772483249	139.51878562500002	49.0	7.5	-72.0
PF3D7_1105800	0.048426734117954354	516.765165	51.0	35.5	76.0
PF3D7_1106000	0.11143167772483249	49.702742250000014	51.0	31.0	72.0
PF3D7_1106100	0.9151609289079528	21.562373625	51.0	43.0	60.0
PF3D7_1106300	0.002342695994481709	70.657464	51.0	38.5	88.0
PF3D7_1106500	0.007115131547795238	18.859581375000005	51.0	34.0	84.0
PF3D7_1106700	1.0	11.628155625	48.125	30.4375	-26.0
PF3D7_1106900	1.0	6.566277750000001	48.125	18.375	-34.0
PF3D7_1107000	0.9151609289079528	95.751374625	51.0	43.0	60.0
PF3D7_1107100	1.46918915520106e-05	9.08912925	51.0	46.0	102.0
PF3D7_1107200	0.16453699804109032	18.779540999999995	51.0	38.5	70.0
PF3D7_1107300	0.074149409439216	51.32097674999997	48.0	12.0	-74.0
PF3D7_1107400	0.007115131547795238	75.735506625	51.0	43.0	84.0
PF3D7_1107500	0.007115131547795238	144.46354950000003	51.0	40.0	84.0
PF3D7_1107700	0.048426734117954354	52.70284087500002	51.0	13.0	-76.0
PF3D7_1107800	0.004141795071110547	332.1353205	51.0	31.0	86.0
PF3D7_1108000	0.9151609289079528	72.90863812499998	51.0	13.0	-60.0
PF3D7_1108100	0.01943095169546062	8.208324	47.25	5.875	-80.0
PF3D7_1108200	1.0	22.26195299999999	48.125	23.5	-50.0
PF3D7_1108300	1.0	44.61298012499999	48.125	23.53125	-36.0
PF3D7_1108400	0.011903316453167643	119.40879750000008	47.4	31.4	-82.0
PF3D7_1108500	0.011903316453167643	75.173177625	51.0	46.0	82.0
PF3D7_1108600	0.16453699804109032	640.1276954999998	51.0	38.5	70.0
PF3D7_1108700	1.0	88.13225887500005	48.125	15.84375	-40.0
PF3D7_1108900	7.932217418824561e-05	7.162608	51.0	29.5	98.0
PF3D7_1109400	0.011903316453167643	212.28222937500001	51.0	13.0	-82.0
PF3D7_1109900	0.002342695994481709	1135.2739713750002	51.0	31.0	88.0
PF3D7_1110000	0.031003550035172057	47.253016499999994	51.0	46.0	78.0
PF3D7_1110100	1.0	10.830122625000003	48.125	34.697916666666664	-4.0
PF3D7_1110200	0.074149409439216	121.665193875	51.0	13.0	-74.0
PF3D7_1110300	0.23894651657040047	93.81474037500004	51.0	13.0	-68.0
PF3D7_1110400	0.0006803297011630345	576.210729375	51.0	13.0	-92.0
PF3D7_1110500	0.048426734117954354	42.02739712499999	51.0	38.5	76.0
PF3D7_1110600	7.932217418824561e-05	119.97691987500002	51.0	44.5	98.0
PF3D7_1110700	1.099815087910326e-08	6.038152874999999	51.0	46.0	114.0
PF3D7_1110900	0.002342695994481709	29.244969000000008	47.0	11.0	-88.0
PF3D7_1111000	0.11143167772483249	10.619990999999999	51.0	14.5	-72.0
PF3D7_1111100	0.0012842624885035599	100.36881824999999	51.0	41.5	90.0
PF3D7_1111200	0.004141795071110547	22.049551500000007	51.0	35.5	86.0
PF3D7_1111300	1.0	6.648695249999996	48.125	16.40625	-34.0
PF3D7_1111400	0.23894651657040047	45.18207525	51.0	40.0	68.0
PF3D7_1111500	0.11143167772483249	109.41016875	51.0	43.0	72.0
PF3D7_1111800	1.0	3.106630125	48.125	28.9375	-44.0
PF3D7_1111900	0.074149409439216	7.804292250000001	51.0	45.25	74.0
PF3D7_1112000	1.0	57.76745475	48.125	33.90625	-14.0
PF3D7_1112100	0.0012842624885035599	10.551367875	51.0	44.5	90.0
PF3D7_1112400	0.003242245532796128	109.13785462500002	51.0	38.5	87.0
PF3D7_1112500	1.0	11.127682499999997	48.125	22.25	-56.0
PF3D7_1112600	0.00034707262534643487	5.391785625	51.0	43.0	94.0
PF3D7_1113000	7.932217418824561e-05	0.27245587499999996	49.5	40.25	98.0
PF3D7_1113100	3.516389639901545e-05	419.0326308749998	51.0	13.0	-100.0
PF3D7_1113200	0.002342695994481709	24.135079499999996	45.0	1.0	-88.0
PF3D7_1113300	0.4810985075880909	39.36609824999999	51.0	44.5	64.0
PF3D7_1113400	0.23894651657040047	107.39483662500007	48.0	4.375	-68.0
PF3D7_1113500	1.0	12.228849375	48.125	33.9375	-22.0
PF3D7_1113600	1.0	40.761739125	48.125	15.84375	-48.0
PF3D7_1113700	0.9151609289079528	26.262084750000003	51.0	40.0	60.0
PF3D7_1113800	0.004141795071110547	13.1662635	51.0	38.5	86.0
PF3D7_1114100.1	0.23894651657040047	35.25448949999999	45.0	5.5	-68.0
PF3D7_1114100.2	0.0006803297011630345	18.59865225	49.5	40.25	92.0
PF3D7_1114200	1.0	59.80643212499997	48.125	13.71875	-58.0
PF3D7_1114700	0.011903316453167643	139.12478887499998	45.0	9.25	-82.0
PF3D7_1114800	1.0	0.6148702500000001	48.125	27.90625	-45.0
PF3D7_1114900	0.074149409439216	0.26926237499999994	49.5	17.25	-74.0
PF3D7_1115000	0.00034707262534643487	211.53818812499998	51.0	43.0	94.0
PF3D7_1115200	1.0	76.700651625	48.125	13.395833333333334	-52.0
PF3D7_1115300	0.0006803297011630345	31.975809375000008	49.5	23.5	-92.0
PF3D7_1115400	0.4810985075880909	81.24695175000005	51.0	43.0	64.0
PF3D7_1115500	0.23894651657040047	106.25133562499997	49.5	17.25	-68.0
PF3D7_1115600	0.11143167772483249	345.187223625	51.0	38.5	72.0
PF3D7_1115700	0.00034707262534643487	793.2748515000001	51.0	32.5	94.0
PF3D7_1115800	0.0006803297011630345	1728.148864125	51.0	13.0	-92.0
PF3D7_1115900	0.0006803297011630345	57.96660975	51.0	5.5	-92.0
PF3D7_1116000	7.932217418824561e-05	31.350805125	47.25	4.0	-98.0
PF3D7_1116100	2.0008650961031914e-07	13.986063375000002	51.0	47.5	110.0
PF3D7_1116200.1	0.031003550035172057	94.01959350000001	51.0	29.5	78.0
PF3D7_1116200.2	0.01943095169546062	13.257003	51.0	31.0	80.0
PF3D7_1116300	0.23894651657040047	333.34567274999995	51.0	16.0	-68.0
PF3D7_1116400	1.0	30.197388000000018	48.125	34.46875	-16.0
PF3D7_1116500	0.00034707262534643487	60.12455737500001	51.0	43.0	94.0
PF3D7_1116600	0.031003550035172057	51.005345999999996	51.0	41.5	78.0
PF3D7_1116700	0.6680367990420074	916.2125092500002	51.0	29.5	62.0
PF3D7_1116800	0.23894651657040047	611.2333068749998	51.0	22.0	-68.0
PF3D7_1116900	0.01943095169546062	4.316095875	45.0	4.0	-80.0
PF3D7_1117100	7.932217418824561e-05	31.831864875	51.0	41.5	98.0
PF3D7_1117300	0.01943095169546062	185.50095599999997	51.0	4.0	-80.0
PF3D7_1117400	0.048426734117954354	22.746723375000002	49.5	17.25	-76.0
PF3D7_1117500	0.16453699804109032	35.23935675	51.0	41.5	70.0
PF3D7_1117600.1	0.004141795071110547	36.47749425	51.0	40.0	86.0
PF3D7_1117600.2	0.0009822960948332972	30.168988125	47.0	40.5	91.0
PF3D7_1117700	0.4810985075880909	603.0848032499995	51.0	43.0	64.0
PF3D7_1117800	1.0	22.884032625000003	48.125	25.09375	-22.0
PF3D7_1117900	1.0	5.169894750000001	48.125	27.4375	-50.0
PF3D7_1118000	1.0	20.31996149999999	48.125	25.5625	-26.0
PF3D7_1118100	0.4810985075880909	78.57748724999999	51.0	40.0	64.0
PF3D7_1118200	0.0001698261780107018	224.80978987499998	51.0	35.5	96.0
PF3D7_1118300	7.932217418824561e-05	227.641713	51.0	10.0	-98.0
PF3D7_1118400	1.0	13.263316874999994	48.125	27.96875	-40.0
PF3D7_1118500	0.01943095169546062	195.565826625	51.0	13.0	-80.0
PF3D7_1118600	0.34159160256630494	21.257093624999982	48.0	7.0	-66.0
PF3D7_1118700	3.516389639901545e-05	11.425604625000002	49.5	17.25	-100.0
PF3D7_1119000	0.23894651657040047	58.870360500000004	51.0	40.0	68.0
PF3D7_1119100	0.002342695994481709	29.406344625000003	51.0	31.0	88.0
PF3D7_1119200	0.01943095169546062	85.6733415	51.0	14.5	-80.0
PF3D7_1119300	0.34159160256630494	308.5628583750001	49.5	11.5	-66.0
PF3D7_1119400	0.01943095169546062	22.512567	45.0	13.75	-80.0
PF3D7_1119500	1.0	14.159291625	48.125	17.40625	-26.0
PF3D7_1119600	1.0	18.411986625000004	48.125	31.9375	-20.0
PF3D7_1119700	1.46918915520106e-05	3.7720008750000007	45.0	4.0	-102.0
PF3D7_1119800	0.031003550035172057	37.776664874999994	46.0	10.5	-78.0
PF3D7_1119900	2.0008650961031914e-07	53.813364375000006	49.5	11.5	-110.0
PF3D7_1120000	1.0	35.6907285	48.125	16.71875	-58.0
PF3D7_1120100	0.048426734117954354	1063.81818975	51.0	29.5	76.0
PF3D7_1120200	1.0	80.51333062499997	48.125	33.90625	-28.0
PF3D7_1120300	0.16453699804109032	7.992524625	51.0	44.5	70.0
PF3D7_1120400	0.01943095169546062	60.57318412499999	51.0	13.0	-80.0
PF3D7_1120500	0.00034707262534643487	41.0252925	51.0	10.0	-94.0
PF3D7_1120800	0.015667134074314134	47.774186625	51.0	41.5	81.0
PF3D7_1120900	0.004141795071110547	54.375108	51.0	41.5	86.0
PF3D7_1121000	0.002342695994481709	5.194981874999999	51.0	44.5	88.0
PF3D7_1121100	1.099815087910326e-08	84.69781499999999	49.5	7.75	-114.0
PF3D7_1121200	0.34159160256630494	54.926398125	51.0	43.0	66.0
PF3D7_1121300	0.00034707262534643487	2.3335181249999994	51.0	47.5	94.0
PF3D7_1121600	1.46918915520106e-05	7345.368408000002	46.5	34.75	102.0
PF3D7_1121700	1.0	25.662315749999998	48.125	33.28125	-22.0
PF3D7_1121900	0.002342695994481709	2.540156625	51.0	44.5	88.0
PF3D7_1122100	0.031003550035172057	3.3238162500000006	51.0	46.0	78.0
PF3D7_1122200	2.0695381558476795e-06	52.80941625	51.0	14.5	-106.0
PF3D7_1122300	0.0012842624885035599	33.974378625	49.0	13.5	-90.0
PF3D7_1122400	1.0	17.48144512499999	48.125	17.875	-40.0
PF3D7_1122500	7.932217418824561e-05	4.001866499999999	51.0	41.5	98.0
PF3D7_1122700	0.074149409439216	1.9129844999999999	51.0	44.5	74.0
PF3D7_1122800	0.074149409439216	27.335892749999992	45.0	13.0	-74.0
PF3D7_1123000	7.932217418824561e-05	38.888620500000016	47.0	11.0	-98.0
PF3D7_1123100	0.004141795071110547	86.20183425	45.75	11.5	-86.0
PF3D7_1123200	1.46918915520106e-05	3.39034875	49.5	17.25	-102.0
PF3D7_1123300	0.11143167772483249	23.087778	45.0	12.25	-72.0
PF3D7_1123400	1.0	170.48105174999995	48.125	24.75	-36.0
PF3D7_1123500	0.004141795071110547	68.675419125	51.0	17.5	-86.0
PF3D7_1123600	1.0	9.012915000000001	48.125	13.895833333333334	-50.0
PF3D7_1123700	0.048426734117954354	102.1488765	51.0	41.5	76.0
PF3D7_1123800	5.735652685057447e-06	9.202622250000001	51.0	43.0	104.0
PF3D7_1123900	0.011903316453167643	530.5240488749997	51.0	16.0	-82.0
PF3D7_1124000	0.6680367990420074	47.07337687500001	45.0	11.5	-62.0
PF3D7_1124100	0.23894651657040047	33.70550212500001	45.0	13.0	-68.0
PF3D7_1124200	1.0	27.8611935	48.125	33.90625	-24.0
PF3D7_1124300	1.0	58.91192437500001	48.125	19.875	-50.0
PF3D7_1124400	1.0	26.296663125000013	48.125	17.75	-42.0
PF3D7_1124600	7.932217418824561e-05	94.18513049999999	51.0	44.5	98.0
PF3D7_1124700	3.516389639901545e-05	158.35893224999998	51.0	35.5	100.0
PF3D7_1124800	1.0	119.37038437500007	48.125	18.75	-34.0
PF3D7_1124900	0.031003550035172057	1804.4189051249991	51.0	29.5	78.0
PF3D7_1125000	6.804813352432401e-07	26.860707375000004	51.0	44.5	108.0
PF3D7_1125100	0.031003550035172057	13.300359	51.0	43.0	78.0
PF3D7_1125200	5.735652685057447e-06	42.392044124999984	51.0	32.5	104.0
PF3D7_1125300	3.516389639901545e-05	52.102903125	51.0	35.5	100.0
PF3D7_1125400	0.0001698261780107018	53.27976337499997	51.0	29.5	96.0
PF3D7_1125500	1.0	162.58008675000008	48.125	35.166666666666664	-12.0
PF3D7_1125600	0.0018134792414926343	43.76444587500001	51.0	47.5	89.0
PF3D7_1125700	6.804813352432401e-07	21.592934624999998	45.0	4.0	-108.0
PF3D7_1125800	0.031003550035172057	27.97035525	47.25	4.0	-78.0
PF3D7_1125900	1.0	113.04547275000002	48.125	26.75	-36.0
PF3D7_1126000	0.34159160256630494	73.49953162499999	47.0	20.0	-66.0
PF3D7_1126100	0.074149409439216	8.994050999999999	51.0	38.5	74.0
PF3D7_1126200	0.0012842624885035599	5725.178384249999	45.0	25.0	90.0
PF3D7_1126300.1	1.0	18.5266635	48.125	33.28125	-30.0
PF3D7_1126400	0.9151609289079528	46.33866150000001	51.0	43.0	60.0
PF3D7_1126500	0.002342695994481709	61.76085375000001	51.0	16.0	-88.0
PF3D7_1126600	0.0001698261780107018	38.130851625000005	51.0	35.5	96.0
PF3D7_1126700	0.11143167772483249	23.532286499999998	47.25	4.0	-72.0
PF3D7_1126900	0.11143167772483249	251.55547912499975	48.0	23.5	-72.0
PF3D7_1127000	7.932217418824561e-05	1180.183153125	51.0	31.0	98.0
PF3D7_1127100	0.004141795071110547	212.99294025	51.0	43.0	86.0
PF3D7_1127300	0.007115131547795238	32.821501125	51.0	20.5	-84.0
PF3D7_1127400	1.0	9.66930825	48.125	33.90625	-20.0
PF3D7_1127500	0.0012842624885035599	7.50303375	51.0	44.5	90.0
PF3D7_1127600	7.932217418824561e-05	96.07989412500001	51.0	43.0	98.0
PF3D7_1127800	1.0	10.165651124999998	48.125	14.1875	-46.0
PF3D7_1127900	1.0	16.27290825	48.125	30.4375	-26.0
PF3D7_1128000.1	0.004141795071110547	37.57900424999999	51.0	13.0	-86.0
PF3D7_1128100	0.34159160256630494	201.98066662500003	51.0	43.0	66.0
PF3D7_1128200	1.0	89.823862125	48.125	22.78125	-48.0
PF3D7_1128400	0.23894651657040047	124.38517725	51.0	43.0	68.0
PF3D7_1128500	0.074149409439216	20.623923374999997	51.0	16.0	-74.0
PF3D7_1128700	0.0006803297011630345	3.5170995000000005	51.0	44.5	92.0
PF3D7_1128900	1.46918915520106e-05	5.76035175	49.5	40.25	102.0
PF3D7_1129000	0.01943095169546062	360.3195435	51.0	35.5	80.0
PF3D7_1129100	0.004141795071110547	553.32667275	45.0	35.5	86.0
PF3D7_1129200	1.0	63.29638537500001	48.125	32.40625	-30.0
PF3D7_1129300	0.074149409439216	1.3839599999999999	45.0	4.75	-74.0
PF3D7_1129400	0.031003550035172057	136.02255674999998	51.0	20.5	-78.0
PF3D7_1129500	0.4810985075880909	40.50704400000001	51.0	43.0	64.0
PF3D7_1129700	1.0	9.555789	48.125	32.40625	-27.0
PF3D7_1129800	1.0	5.256700874999999	48.125	25.03125	-12.0
PF3D7_1129900	3.516389639901545e-05	70.160762625	51.0	32.5	100.0
PF3D7_1130000	0.4810985075880909	7.916707875	47.4	31.4	-64.0
PF3D7_1130100	0.11143167772483249	946.188763875	51.0	32.5	72.0
PF3D7_1130200	3.516389639901545e-05	2889.6583068750006	47.25	23.875	-100.0
PF3D7_1130400	0.4810985075880909	136.73536574999997	51.0	38.5	64.0
PF3D7_1130500	0.0006803297011630345	12.550233375000001	51.0	41.5	92.0
PF3D7_1130600	0.074149409439216	20.20094812499999	51.0	22.0	-74.0
PF3D7_1130700	0.0012842624885035599	26.549546624999998	51.0	38.5	90.0
PF3D7_1131000	0.0012842624885035599	71.36057737499999	51.0	41.5	90.0
PF3D7_1131100	0.34159160256630494	92.1708975	51.0	37.0	66.0
PF3D7_1131200	0.6680367990420074	4.599858	51.0	43.0	62.0
PF3D7_1131800	0.0012842624885035599	130.03818525000003	51.0	34.0	90.0
PF3D7_1132000	1.0	26.999166375000005	48.125	18.375	-54.0
PF3D7_1132200	0.11143167772483249	343.50922125	49.5	28.0	72.0
PF3D7_1132300	0.031003550035172057	128.852281125	51.0	43.0	78.0
PF3D7_1132400	0.16453699804109032	14.181063375	51.0	34.0	70.0
PF3D7_1132600	0.01943095169546062	54.37870987500001	45.0	13.0	-80.0
PF3D7_1132700	1.0	10.380590624999998	48.125	28.9375	-22.0
PF3D7_1132800	0.0001698261780107018	131.54356687499998	51.0	41.5	96.0
PF3D7_1132900	0.007115131547795238	77.47228312499999	51.0	37.0	84.0
PF3D7_1133100	0.0012842624885035599	120.44607262499997	51.0	14.5	-90.0
PF3D7_1133200	1.46918915520106e-05	22.234410750000002	51.0	44.5	102.0
PF3D7_1133300	2.0695381558476795e-06	2.419906125	51.0	47.5	106.0
PF3D7_1133400	7.932217418824561e-05	100.43953574999999	45.0	4.0	-98.0
PF3D7_1133700	0.0001698261780107018	1280.948959125	51.0	13.0	-96.0
PF3D7_1133800	0.34159160256630494	22.65700875	49.5	40.25	66.0
PF3D7_1133900	0.00034707262534643487	38.16759149999999	46.5	10.0	-94.0
PF3D7_1134000	1.46918915520106e-05	816.1354019999999	51.0	35.5	102.0
PF3D7_1134100	0.074149409439216	43.640110875000005	51.0	43.0	74.0
PF3D7_1134200	3.516389639901545e-05	33.776187	51.0	14.5	-100.0
PF3D7_1134300	0.004141795071110547	4.05647175	51.0	44.5	86.0
PF3D7_1134400	0.007115131547795238	51.75211200000001	51.0	44.5	84.0
PF3D7_1134500	0.23894651657040047	12.824584875	45.0	16.75	-68.0
PF3D7_1134700	0.007115131547795238	98.50317900000002	51.0	13.0	-84.0
PF3D7_1134800	1.46918915520106e-05	66.5979105	45.0	13.0	-102.0
PF3D7_1135100	0.00034707262534643487	67.228765125	45.0	14.5	-94.0
PF3D7_1135400	1.0	120.91286025000001	48.125	34.46875	-16.0
PF3D7_1135500	0.002342695994481709	7.6805505	51.0	38.5	88.0
PF3D7_1135700	0.0012842624885035599	289.180265625	51.0	34.0	90.0
PF3D7_1135800	0.007115131547795238	36.53485875	45.0	23.5	84.0
PF3D7_1135900	1.0	91.52495474999999	48.125	18.03125	-26.0
PF3D7_1136000	0.23894651657040047	1.9125723749999997	51.0	44.5	68.0
PF3D7_1136200	0.0006803297011630345	4.617987374999999	49.5	40.25	92.0
PF3D7_1136300	1.0	95.91982274999998	48.125	20.0625	-32.0
PF3D7_1136400	0.0006803297011630345	77.25697050000001	51.0	13.0	-92.0
PF3D7_1136500.1	0.048426734117954354	402.993245625	45.0	7.0	-76.0
PF3D7_1136500.2	0.007115131547795238	189.03605625	51.0	43.0	84.0
PF3D7_1136600	0.002342695994481709	78.00560775000001	51.0	13.0	-88.0
PF3D7_1136700.1	1.46918915520106e-05	5.081246625	49.5	17.25	-102.0
PF3D7_1136800	1.0	34.988864250000006	48.125	13.15625	-42.0
PF3D7_1136900	0.6680367990420074	14.856835125000002	46.8	5.5	-62.0
PF3D7_1137100	1.0	26.852616000000012	48.125	28.53125	-24.0
PF3D7_1137200	0.01943095169546062	3.497899125	49.5	17.25	-80.0
PF3D7_1137300	0.34159160256630494	51.42084187500003	51.0	8.5	-66.0
PF3D7_1137400	0.011903316453167643	94.817923875	51.0	38.5	82.0
PF3D7_1137500	0.00034707262534643487	40.3748265	51.0	41.5	94.0
PF3D7_1137800	0.0006803297011630345	9.497753625	51.0	5.5	-92.0
PF3D7_1138000	0.00034707262534643487	0.9522660000000001	49.5	17.25	-94.0
PF3D7_1138100	0.011903316453167643	21.301294499999997	45.0	9.25	-82.0
PF3D7_1138200	0.0001698261780107018	24.626541375000002	45.0	7.0	-96.0
PF3D7_1138300	0.031003550035172057	14.866843874999997	51.0	39.25	78.0
PF3D7_1138400	1.46918915520106e-05	1.6080708750000001	49.5	40.25	102.0
PF3D7_1138500	0.11143167772483249	145.78940587499994	45.0	4.0	-72.0
PF3D7_1138600	0.011903316453167643	39.96200100000001	45.0	11.5	-82.0
PF3D7_1138700	0.004141795071110547	153.911232375	51.0	13.0	-86.0
PF3D7_1138800	0.007115131547795238	21.766249874999996	48.0	12.0	-84.0
PF3D7_1139100	5.735652685057447e-06	41.057667374999994	51.0	13.0	-104.0
PF3D7_1139300	2.0695381558476795e-06	60.482738999999995	49.5	26.5	106.0
PF3D7_1139700	0.031003550035172057	7.072548375	51.0	46.0	78.0
PF3D7_1139900	1.0	19.080305250000006	48.125	20.75	-58.0
PF3D7_1140100	0.34159160256630494	231.02651362500004	51.0	37.0	66.0
PF3D7_1140200	0.0012842624885035599	101.22998700000001	51.0	41.5	90.0
PF3D7_1140400	0.0001698261780107018	41.16163575	49.5	40.25	96.0
PF3D7_1140600	1.0	0.746391375	48.125	16.375	-46.0
PF3D7_1140700	1.0	37.26378187499999	48.125	20.75	-36.0
PF3D7_1140800	0.011903316453167643	9.97308300000001	48.0	11.5	-82.0
PF3D7_1141200	0.061288071778585175	78.94652100000002	51.0	40.0	75.0
PF3D7_1141300	0.0006803297011630345	13.245429000000001	51.0	44.5	92.0
PF3D7_1141400	0.00034707262534643487	51.58269262499999	51.0	41.5	94.0
PF3D7_1141600	0.01943095169546062	25.6947015	51.0	40.0	80.0
PF3D7_1141700	0.048426734117954354	60.82248862499999	51.0	38.5	76.0
PF3D7_1141800	1.46918915520106e-05	5.75655675	51.0	47.5	102.0
PF3D7_1142100	5.735652685057447e-06	126.131263125	51.0	10.0	-104.0
PF3D7_1142300	0.002342695994481709	36.649693125	51.0	43.0	88.0
PF3D7_1142400	0.23894651657040047	41.56695637499999	45.0	13.75	-68.0
PF3D7_1142500	0.00034707262534643487	1627.5461992499997	51.0	34.0	94.0
PF3D7_1142600	0.074149409439216	3246.15982725	51.0	34.0	74.0
PF3D7_1142700	0.16453699804109032	21.693320250000006	51.0	22.0	-70.0
PF3D7_1142800	1.0	20.706711750000004	48.125	31.9375	-30.0
PF3D7_1143000	0.16453699804109032	2.0899233749999997	51.0	41.5	70.0
PF3D7_1143100	3.516389639901545e-05	15.853203375	47.25	4.0	-100.0
PF3D7_1143200	3.516389639901545e-05	5.41627875	51.0	44.5	100.0
PF3D7_1143300	0.074149409439216	107.31279262499997	51.0	14.5	-74.0
PF3D7_1143400	0.16453699804109032	703.2281069999999	45.0	25.0	70.0
PF3D7_1143800	1.0	40.70961712499999	48.125	23.25	-46.0
PF3D7_1143900	0.004141795071110547	12.551469	49.5	28.0	86.0
PF3D7_1144000	0.002342695994481709	2844.042281624999	49.5	23.5	-88.0
PF3D7_1144100	0.34159160256630494	144.541247625	49.5	46.0	66.0
PF3D7_1144300	0.074149409439216	142.53546224999997	51.0	35.5	74.0
PF3D7_1144500	1.0	11.903905499999999	48.125	33.90625	-16.0
PF3D7_1144600	0.4810985075880909	53.987773875	45.0	11.5	-64.0
PF3D7_1144700	0.00034707262534643487	44.241541125	51.0	41.5	94.0
PF3D7_1144900	1.0	43.64781262499997	48.125	29.40625	-24.0
PF3D7_1145000	0.0001698261780107018	1.233503625	49.5	40.25	96.0
PF3D7_1145100	1.0	11.689028625000006	48.125	22.59375	-20.0
PF3D7_1145200	7.932217418824561e-05	16.726873875	45.0	4.0	-98.0
PF3D7_1145300	0.4810985075880909	33.51979274999999	51.0	44.5	64.0
PF3D7_1145400	0.01943095169546062	26.951766375	51.0	44.5	80.0
PF3D7_1145500	0.074149409439216	18.959985375000002	51.0	43.0	74.0
PF3D7_1145600	0.074149409439216	0.9221444999999999	51.0	47.5	74.0
PF3D7_1145800	0.11143167772483249	9.67031775	51.0	14.5	-72.0
PF3D7_1146000	0.6680367990420074	51.061710375	51.0	19.0	-62.0
PF3D7_1146600	2.0695381558476795e-06	8.774748000000002	51.0	47.5	106.0
PF3D7_1146900	1.0	14.467549499999997	48.125	20.40625	-48.0
PF3D7_1147300	0.002342695994481709	52.693587	51.0	41.5	88.0
PF3D7_1147400	0.005628463309452892	81.20446612500001	51.0	44.5	85.0
PF3D7_1147500	0.007115131547795238	11.143452000000007	51.0	22.0	-84.0
PF3D7_1147600	0.0006803297011630345	6.0725835	51.0	43.0	92.0
PF3D7_1147700	0.03971514207656321	39.709102875	51.0	43.0	77.0
PF3D7_1147900	1.0	33.70094362499999	48.125	14.427083333333334	-26.0
PF3D7_1148000	0.0012842624885035599	10.384881750000002	51.0	43.0	90.0
PF3D7_1148700	2.0695381558476795e-06	611.396295	47.25	23.875	-106.0
PF3D7_1148800	1.46918915520106e-05	106.160993625	51.0	10.0	-102.0
PF3D7_1148900	0.0006803297011630345	1655.1354993749997	51.0	19.0	-92.0
PF3D7_1149000	0.00034707262534643487	221.00571974999997	51.0	37.0	94.0
PF3D7_1149100.1	0.002342695994481709	214.181380125	51.0	38.5	88.0
PF3D7_1149100.2	0.0009822960948332972	25.9525935	51.0	37.0	91.0
PF3D7_1149200	5.735652685057447e-06	948.6390607499998	51.0	8.5	-104.0
PF3D7_1149600	0.16453699804109032	230.92935300000005	51.0	13.0	-70.0
PF3D7_1200600	0.004141795071110547	2951.0372336249993	51.0	16.0	-86.0
PF3D7_1200610	0.004141795071110547	2401.2733556249996	51.0	16.0	-86.0
PF3D7_1200700	0.031003550035172057	2398.866322125	51.0	13.0	-78.0
PF3D7_1200800	0.9151609289079528	76.75225312500001	51.0	13.0	-60.0
PF3D7_1200900	0.074149409439216	58.808634375	51.0	11.5	-74.0
PF3D7_1201000	1.46918915520106e-05	827.3669122499999	51.0	32.5	102.0
PF3D7_1201100	7.932217418824561e-05	77.906388	51.0	31.0	98.0
PF3D7_1201200	0.00034707262534643487	362.94812287499997	51.0	10.0	-94.0
PF3D7_1201300	0.0001698261780107018	6.917190374999999	51.0	5.5	-96.0
PF3D7_1201400	1.0	7.422417374999999	48.125	19.3125	-26.0
PF3D7_1201500	1.0	31.375753875000022	48.125	12.927083333333334	-56.0
PF3D7_1201800	0.007115131547795238	22.177230750000003	51.0	43.0	84.0
PF3D7_1201900	0.34159160256630494	117.20978550000004	51.0	43.0	66.0
PF3D7_1202000	1.0	5.1020970000000005	48.125	33.90625	-16.0
PF3D7_1202100.1	0.11143167772483249	47.31015562500001	51.0	38.5	72.0
PF3D7_1202100.2	0.4810985075880909	12.556838250000002	51.0	38.5	64.0
PF3D7_1202200	0.004141795071110547	27.771688500000003	51.0	41.5	86.0
PF3D7_1202400	0.031003550035172057	46.01368724999999	48.0	44.5	78.0
PF3D7_1202600	0.01943095169546062	133.07022487500004	45.0	13.0	-80.0
PF3D7_1202700	0.23894651657040047	68.49483187500002	51.0	13.0	-68.0
PF3D7_1202800	1.0	21.397158000000005	48.125	30.90625	-44.0
PF3D7_1202900	0.23894651657040047	1557.8882662499996	51.0	7.0	-68.0
PF3D7_1203000	0.0012842624885035599	18.379780500000003	51.0	43.0	90.0
PF3D7_1203100	0.002342695994481709	55.051518375	49.5	13.75	-88.0
PF3D7_1203200	0.074149409439216	64.57062112500003	51.0	16.0	-74.0
PF3D7_1203300	0.0001698261780107018	5.394173250000001	51.0	44.5	96.0
PF3D7_1203400	1.46918915520106e-05	13.037026125	51.0	41.5	102.0
PF3D7_1203500	3.516389639901545e-05	127.858559625	48.0	11.5	-100.0
PF3D7_1203600	0.0006803297011630345	11.884177500000002	48.0	46.0	92.0
PF3D7_1203700	1.0	572.0123235	48.125	17.8125	-52.0
PF3D7_1203900	0.6680367990420074	373.6618871250001	45.0	38.5	62.0
PF3D7_1204300	0.00034707262534643487	1733.1136248750001	51.0	35.5	94.0
PF3D7_1204500	1.0	24.035239499999996	48.125	30.90625	-44.0
PF3D7_1204600	0.074149409439216	11.930589750000003	47.25	21.25	-74.0
PF3D7_1204700	0.011903316453167643	87.547383	51.0	43.0	82.0
PF3D7_1204900	7.932217418824561e-05	20.928624375000005	49.5	17.25	-98.0
PF3D7_1205000	0.031003550035172057	4.750791375000002	45.0	4.0	-78.0
PF3D7_1205100	0.031003550035172057	33.970471124999996	51.0	35.5	78.0
PF3D7_1205200	0.0005137011632547347	1.2260452499999999	46.5	37.75	93.0
PF3D7_1205300	0.011903316453167643	4.67372475	51.0	46.0	82.0
PF3D7_1205400	0.4810985075880909	15.268325999999998	51.0	34.0	64.0
PF3D7_1205500	0.4810985075880909	52.935011625	45.0	10.0	-64.0
PF3D7_1205600	0.002342695994481709	691.961489625	51.0	38.5	88.0
PF3D7_1205800	0.0012842624885035599	70.97509649999998	45.0	10.0	-90.0
PF3D7_1205900	1.0	19.314707250000012	48.125	19.71875	-48.0
PF3D7_1206000	0.00034707262534643487	9.480598875	49.5	17.25	-94.0
PF3D7_1206100	0.007115131547795238	1.007473875	49.5	40.25	84.0
PF3D7_1206200	0.16453699804109032	90.12246225000007	51.0	19.0	-70.0
PF3D7_1206300	3.516389639901545e-05	2.1718372500000003	51.0	47.5	100.0
PF3D7_1206600	0.01943095169546062	156.27520425	51.0	14.5	-80.0
PF3D7_1206700	0.34159160256630494	116.63485987500005	51.0	31.0	66.0
PF3D7_1206800	1.0	23.078571	48.125	34.697916666666664	-10.0
PF3D7_1207000	1.46918915520106e-05	15.492400125	51.0	44.5	102.0
PF3D7_1207100	0.002342695994481709	79.21982775000001	51.0	13.0	-88.0
PF3D7_1207500	0.0005137011632547347	21.566946375	51.0	43.0	93.0
PF3D7_1207600	0.9151609289079528	16.131343875000002	51.0	34.0	60.0
PF3D7_1207800	0.34159160256630494	16.697327625000007	51.0	34.0	66.0
PF3D7_1207900	0.16453699804109032	18.397946249999997	51.0	43.0	70.0
PF3D7_1208000	0.03971514207656321	7.546954125	51.0	43.0	77.0
PF3D7_1208100	0.011903316453167643	13.210958250000003	51.0	13.0	-82.0
PF3D7_1208300	0.074149409439216	250.496359875	51.0	38.5	74.0
PF3D7_1208400	0.0006803297011630345	0.855424875	51.0	41.5	92.0
PF3D7_1208600	0.048426734117954354	531.9969416250001	51.0	34.0	76.0
PF3D7_1208700	0.34159160256630494	13.013926124999998	51.0	40.0	66.0
PF3D7_1208800	1.46918915520106e-05	55.91673825000001	48.0	11.5	-102.0
PF3D7_1208900	0.34159160256630494	83.73474000000002	51.0	43.0	66.0
PF3D7_1209000	0.6680367990420074	59.610867375	51.0	35.5	62.0
PF3D7_1209200	0.6680367990420074	216.941200125	51.0	16.0	-62.0
PF3D7_1209300	0.004141795071110547	27.007625249999997	51.0	38.5	86.0
PF3D7_1209400	2.0695381558476795e-06	24.957670125	51.0	46.0	106.0
PF3D7_1209500.2	0.02521725086531634	1.4647136250000001	49.5	40.25	79.0
PF3D7_1209600	0.0006803297011630345	1.34186475	49.5	40.25	92.0
PF3D7_1209700	0.007115131547795238	40.756538625000005	51.0	38.5	84.0
PF3D7_1209900	0.004141795071110547	16.7153775	51.0	43.0	86.0
PF3D7_1210000	0.00034707262534643487	62.99393175	51.0	41.5	94.0
PF3D7_1210100	0.004141795071110547	31.305558749999996	51.0	40.0	86.0
PF3D7_1210300	0.9151609289079528	9.54421425	48.0	20.5	-60.0
PF3D7_1210400	1.46918915520106e-05	32.665242000000006	48.0	11.5	-102.0
PF3D7_1210600	0.011903316453167643	71.142810375	51.0	5.5	-82.0
PF3D7_1210700	0.0006803297011630345	3.658203	51.0	41.5	92.0
PF3D7_1211200	0.007115131547795238	16.47365325	46.5	12.25	-84.0
PF3D7_1211300	0.031003550035172057	5.893476	49.5	40.25	78.0
PF3D7_1211400	1.0	131.65988700000008	48.125	13.895833333333334	-42.0
PF3D7_1211500	1.0	8.523386250000003	48.125	24.5	-30.0
PF3D7_1211600	1.0	6.712217624999996	48.125	31.9375	-36.0
PF3D7_1211700	3.516389639901545e-05	77.05617675	51.0	43.0	100.0
PF3D7_1211800	1.0	329.0068335	48.125	24.5	-52.0
PF3D7_1211900	7.932217418824561e-05	109.52152050000002	49.5	28.0	98.0
PF3D7_1212000	0.16453699804109032	119.16594975000001	51.0	38.5	70.0
PF3D7_1212100	1.0	5.601174	48.125	30.90625	-34.0
PF3D7_1212400	0.007115131547795238	15.144537374999999	51.0	43.0	84.0
PF3D7_1212500	1.0	104.08320150000003	48.125	13.6875	-54.0
PF3D7_1212600.1	0.11143167772483249	130.2688185	51.0	38.5	72.0
PF3D7_1212600.2	1.0	5.05708275	48.125	29.75	-27.0
PF3D7_1212700	0.00034707262534643487	1074.9788505000001	51.0	14.5	-94.0
PF3D7_1212800	0.4810985075880909	13.60234875	51.0	44.5	64.0
PF3D7_1212900	0.074149409439216	102.53271412499996	49.5	3.25	-74.0
PF3D7_1213600	2.4927893975513022e-05	380.4328035	51.0	43.0	101.0
PF3D7_1213700	1.0	81.48906899999999	48.125	32.75	-28.0
PF3D7_1213800	0.16453699804109032	78.66568725	51.0	31.0	70.0
PF3D7_1213900	0.11143167772483249	93.43645912500001	51.0	19.0	-72.0
PF3D7_1214000	0.011903316453167643	19.35747825	51.0	41.5	82.0
PF3D7_1214100	0.002342695994481709	5.736361125	51.0	41.5	88.0
PF3D7_1214200	0.11143167772483249	28.292206500000002	51.0	43.0	72.0
PF3D7_1214300	1.0	19.890085499999984	48.125	20.40625	-30.0
PF3D7_1214400	1.0	75.648432	48.125	15.84375	-28.0
PF3D7_1214600	1.0	34.8792165	48.125	20.875	-20.0
PF3D7_1214700	1.0	6.445524375	48.125	33.90625	-18.0
PF3D7_1214900	0.0012842624885035599	130.299201	51.0	40.0	90.0
PF3D7_1215000	0.011903316453167643	8.870919749999999	51.0	44.5	82.0
PF3D7_1215100	0.00034707262534643487	24.631429875000006	51.0	31.0	94.0
PF3D7_1215200	0.23894651657040047	11.175265125	51.0	41.5	68.0
PF3D7_1215300	3.516389639901545e-05	860.1305433749997	51.0	37.0	100.0
PF3D7_1215400	1.46918915520106e-05	14.029937625	51.0	43.0	102.0
PF3D7_1215600	0.0012842624885035599	33.276498	51.0	41.5	90.0
PF3D7_1215900	1.0	8.264208749999996	48.125	33.4375	-18.0
PF3D7_1216000	0.16453699804109032	19.095584624999994	51.0	34.0	70.0
PF3D7_1216100	0.2902690595683527	10.821335999999999	51.0	40.0	67.0
PF3D7_1216200	5.735652685057447e-06	302.70585112500004	51.0	32.5	104.0
PF3D7_1216300	0.00034707262534643487	176.00878425000005	51.0	10.0	-94.0
PF3D7_1216400	7.932217418824561e-05	88.57741275	49.5	11.5	-98.0
PF3D7_1216500	0.23894651657040047	1.112162625	49.5	40.25	68.0
PF3D7_1216900	1.0	97.36050300000005	48.125	20.75	-46.0
PF3D7_1217000	1.0	10.952406000000002	48.125	25.9375	-54.0
PF3D7_1217200	0.0006803297011630345	131.275153875	51.0	13.0	-92.0
PF3D7_1217300	0.007115131547795238	12.112759874999998	51.0	46.0	84.0
PF3D7_1217400	1.0	26.84654775	48.125	34.3125	-8.0
PF3D7_1217500	0.007115131547795238	42.340812750000005	51.0	13.0	-84.0
PF3D7_1217700	0.031003550035172057	14.163001500000007	45.0	11.5	-78.0
PF3D7_1217800	0.23894651657040047	62.296334625	45.0	14.5	-68.0
PF3D7_1217900	0.4810985075880909	11.9001525	51.0	34.0	64.0
PF3D7_1218000	7.932217418824561e-05	13.505011500000004	49.5	40.25	98.0
PF3D7_1218200	3.516389639901545e-05	13.4620155	45.0	13.0	-100.0
PF3D7_1218300	7.932217418824561e-05	38.657867624999994	51.0	7.0	-98.0
PF3D7_1218400	0.23894651657040047	63.426018750000026	50.0	2.5	-68.0
PF3D7_1218500	0.11143167772483249	125.35372837499997	51.0	13.0	-72.0
PF3D7_1218600	0.011903316453167643	87.70249199999998	48.0	23.5	-82.0
PF3D7_1219000	0.9151609289079528	37.188103874999996	51.0	31.0	60.0
PF3D7_1219100	1.0	10.815653250000004	48.125	22.84375	-20.0
PF3D7_1219200	0.074149409439216	16.027398	51.0	41.5	74.0
PF3D7_1219400	6.804813352432401e-07	36.048906375	51.0	19.0	-108.0
PF3D7_1219600	1.0	38.234793375	48.125	33.90625	-16.0
PF3D7_1219900	0.007115131547795238	105.19806075	51.0	38.5	84.0
PF3D7_1220100	1.0	20.741454749999995	48.125	14.1875	-36.0
PF3D7_1220300	0.0006803297011630345	1.557420375	51.0	47.5	92.0
PF3D7_1220600	1.0	7.738452749999999	48.125	19.875	-42.0
PF3D7_1220900	0.074149409439216	670.67253	51.0	38.5	74.0
PF3D7_1221000	0.00034707262534643487	22.072692749999998	51.0	44.5	94.0
PF3D7_1221200	0.23894651657040047	188.758261125	51.0	38.5	68.0
PF3D7_1221300	0.002342695994481709	12.73775775	51.0	47.5	88.0
PF3D7_1221500	0.0006803297011630345	12.137658000000002	51.0	41.5	92.0
PF3D7_1221600	0.002342695994481709	12.720693750000002	51.0	43.0	88.0
PF3D7_1221700	0.11143167772483249	16.00376325	51.0	35.5	72.0
PF3D7_1221800	0.031003550035172057	16.0822695	51.0	38.5	78.0
PF3D7_1221900	0.004141795071110547	528.3323504999998	51.0	13.0	-86.0
PF3D7_1222000	0.031003550035172057	9.695901375	51.0	41.5	78.0
PF3D7_1222100	0.031003550035172057	7.3651736250000015	51.0	44.5	78.0
PF3D7_1222300	0.11143167772483249	483.5588163750001	51.0	38.5	72.0
PF3D7_1222400	0.048426734117954354	13.5540165	51.0	43.0	76.0
PF3D7_1222500	0.11143167772483249	31.069858124999982	45.0	4.0	-72.0
PF3D7_1222700	3.516389639901545e-05	400.519343625	45.0	4.0	-100.0
PF3D7_1223000	0.0018134792414926343	2.450764125	50.0	42.666666666666664	89.0
PF3D7_1223100	2.0695381558476795e-06	90.27393975000001	49.5	17.25	-106.0
PF3D7_1223200	1.0	14.579743500000006	48.125	19.875	-50.0
PF3D7_1223300	0.23894651657040047	7.001290499999997	51.0	43.0	68.0
PF3D7_1223400	1.46918915520106e-05	411.1722382500001	51.0	13.0	-102.0
PF3D7_1223700	0.011903316453167643	548.3698245	51.0	40.0	82.0
PF3D7_1223800	0.004141795071110547	131.00774887499998	51.0	17.5	-86.0
PF3D7_1223900	0.0001698261780107018	190.33392337499998	51.0	41.5	96.0
PF3D7_1224000	0.007115131547795238	71.81350575	51.0	38.5	84.0
PF3D7_1224100	7.932217418824561e-05	90.74775525	51.0	44.5	98.0
PF3D7_1224200	6.804813352432401e-07	7.04248425	51.0	47.5	108.0
PF3D7_1224300	0.002342695994481709	6051.5632335	51.0	13.0	-88.0
PF3D7_1224400	0.002342695994481709	45.09178125	51.0	13.0	-88.0
PF3D7_1224500	0.002342695994481709	86.78424712500001	51.0	43.0	88.0
PF3D7_1224600	1.46918915520106e-05	56.964571125000006	51.0	29.5	102.0
PF3D7_1224700	2.0008650961031914e-07	37.55142599999999	51.0	4.0	-110.0
PF3D7_1224800	2.0008650961031914e-07	26.112260250000006	45.0	4.0	-110.0
PF3D7_1224900	0.01943095169546062	101.04000899999996	51.0	14.5	-80.0
PF3D7_1225200	7.932217418824561e-05	33.705664125000006	51.0	10.0	-98.0
PF3D7_1225300	0.01943095169546062	85.0243365	51.0	13.0	-80.0
PF3D7_1225400	0.002342695994481709	51.45934724999999	51.0	13.0	-88.0
PF3D7_1225500	0.002342695994481709	37.914145875	51.0	13.0	-88.0
PF3D7_1225600	0.004141795071110547	51.63087562500001	51.0	13.0	-86.0
PF3D7_1225700	0.048426734117954354	32.99200875	45.0	14.5	-76.0
PF3D7_1225800	0.031003550035172057	75.442427625	45.0	13.75	-78.0
PF3D7_1225900	0.031003550035172057	7.29870225	51.0	38.5	78.0
PF3D7_1226100	1.0	1.7932158750000002	48.125	25.4375	-50.0
PF3D7_1226300	5.735652685057447e-06	262.473562875	45.0	2.5	-104.0
PF3D7_1226400	0.11143167772483249	31.511372625	51.0	35.5	72.0
PF3D7_1226600	0.048426734117954354	66.245951625	51.0	41.5	76.0
PF3D7_1226700	0.048426734117954354	54.86399924999999	51.0	14.5	-76.0
PF3D7_1226800	0.11143167772483249	36.794562375000005	51.0	38.5	72.0
PF3D7_1226900	0.011903316453167643	43.4391435	51.0	37.0	82.0
PF3D7_1227000	0.03971514207656321	2.7994196250000005	51.0	41.5	77.0
PF3D7_1227100	0.004141795071110547	89.22069299999998	51.0	35.5	86.0
PF3D7_1227200	1.0	18.966373500000003	48.125	35.166666666666664	-14.0
PF3D7_1227300	0.0001698261780107018	0.4227738749999999	51.0	44.5	96.0
PF3D7_1227400	1.0	11.48032425	48.125	16.875	-38.0
PF3D7_1227500	0.00034707262534643487	5.4961635	51.0	44.5	94.0
PF3D7_1227600	0.0001698261780107018	35.984243625	51.0	41.5	96.0
PF3D7_1227700	0.004141795071110547	107.30325112499997	51.0	7.0	-86.0
PF3D7_1227800	0.11143167772483249	83.81142225000002	51.0	14.5	-72.0
PF3D7_1227900	0.007115131547795238	14.341408125000001	51.0	16.0	-84.0
PF3D7_1228000	0.007115131547795238	19.739606249999998	51.0	44.5	84.0
PF3D7_1228300	5.735652685057447e-06	33.140011875	51.0	44.5	104.0
PF3D7_1228400	0.031003550035172057	17.289044999999994	51.0	14.5	-78.0
PF3D7_1228500	0.0001698261780107018	24.871731000000004	51.0	44.5	96.0
PF3D7_1228600	3.516389639901545e-05	81.93008325	45.0	4.0	-100.0
PF3D7_1228700	0.0012842624885035599	7.062792	51.0	47.5	90.0
PF3D7_1228800	0.4810985075880909	35.36164575000001	51.0	38.5	64.0
PF3D7_1228900	0.4810985075880909	49.121919	49.5	38.5	64.0
PF3D7_1229000	0.007115131547795238	11.325551250000004	45.0	13.0	-84.0
PF3D7_1229100	1.46918915520106e-05	251.50503712500006	51.0	16.0	-102.0
PF3D7_1229300	0.031003550035172057	7.075905375	51.0	43.0	78.0
PF3D7_1229400	0.11143167772483249	1655.4793646250002	51.0	43.0	72.0
PF3D7_1229500	0.074149409439216	229.62908775000005	51.0	35.5	74.0
PF3D7_1229600	2.0695381558476795e-06	28.836489375	51.0	43.0	106.0
PF3D7_1229700	0.048426734117954354	21.299174625	51.0	43.0	76.0
PF3D7_1229800	0.00034707262534643487	8.69954475	45.0	4.0	-94.0
PF3D7_1230000	0.6680367990420074	22.923979125000002	51.0	35.5	62.0
PF3D7_1230100	2.0695381558476795e-06	1.7330681250000002	51.0	47.5	106.0
PF3D7_1230300	7.932217418824561e-05	2.3171516249999993	51.0	44.5	98.0
PF3D7_1230400	1.46918915520106e-05	144.26793187500002	51.0	41.5	102.0
PF3D7_1230500	0.0001698261780107018	17.508713625	51.0	16.0	-96.0
PF3D7_1230600	0.4810985075880909	59.714201249999995	51.0	43.0	64.0
PF3D7_1230700	1.46918915520106e-05	265.22320537499996	51.0	8.5	-102.0
PF3D7_1230800	0.0012842624885035599	154.56795525000004	51.0	16.0	-90.0
PF3D7_1230900	0.074149409439216	244.89545587499998	51.0	13.0	-74.0
PF3D7_1231000	0.011903316453167643	4.6956690000000005	45.0	4.0	-82.0
PF3D7_1231100	0.34159160256630494	101.31655650000002	51.0	35.5	66.0
PF3D7_1231200	5.735652685057447e-06	6.81835725	45.0	5.5	-104.0
PF3D7_1231500	1.0	22.36293787500001	48.125	27.4375	-46.0
PF3D7_1231600	1.0	30.060014999999993	48.125	22.84375	-28.0
PF3D7_1231700	0.6680367990420074	91.98223649999998	51.0	43.0	62.0
PF3D7_1231800	0.16453699804109032	42.61678687499999	46.5	19.375	-70.0
PF3D7_1232000	0.01943095169546062	6.96094725	51.0	43.0	80.0
PF3D7_1232100	7.932217418824561e-05	337.7782649999999	51.0	41.5	98.0
PF3D7_1232200	0.048426734117954354	19.75452975	51.0	43.0	76.0
PF3D7_1232300	5.724303529363053e-05	19.235338125	51.0	44.5	99.0
PF3D7_1232400	7.932217418824561e-05	70.243592625	51.0	10.0	-98.0
PF3D7_1232500	3.516389639901545e-05	22.071696375000002	45.0	4.0	-100.0
PF3D7_1232600	5.735652685057447e-06	4.9973295	51.0	46.0	104.0
PF3D7_1232700	6.804813352432401e-07	2.16590325	51.0	47.5	108.0
PF3D7_1232800	3.516389639901545e-05	34.171033875	51.0	37.0	100.0
PF3D7_1232900	5.735652685057447e-06	26.008591124999995	51.0	34.0	104.0
PF3D7_1233000	0.23894651657040047	15.717309750000004	51.0	47.5	68.0
PF3D7_1233100	1.0	24.312520874999993	48.125	27.625	-12.0
PF3D7_1233300	0.00034707262534643487	28.373421375	51.0	41.5	94.0
PF3D7_1233400	7.932217418824561e-05	57.41496299999999	51.0	14.5	-98.0
PF3D7_1233600	0.11143167772483249	38.9745525	45.0	9.25	-72.0
PF3D7_1233800	0.031003550035172057	33.324954000000005	51.0	47.5	78.0
PF3D7_1233900	1.0	11.553464625000007	48.125	19.875	-38.0
PF3D7_1234100	1.0	5.634315749999992	48.125	16.71875	-48.0
PF3D7_1234200	0.048426734117954354	13.652881500000001	51.0	41.5	76.0
PF3D7_1234300	0.007115131547795238	10.885791375	51.0	41.5	84.0
PF3D7_1234500	0.9151609289079528	11.795239500000003	47.0	14.0	-60.0
PF3D7_1234600	0.0001698261780107018	19.433040000000002	51.0	41.5	96.0
PF3D7_1234800	0.16453699804109032	39.568885500000015	51.0	32.5	70.0
PF3D7_1234900	5.735652685057447e-06	235.56136462500004	51.0	43.0	104.0
PF3D7_1235000	0.0001698261780107018	4.082877375000001	51.0	44.5	96.0
PF3D7_1235100	0.2017417573057454	8.321340750000001	51.0	44.5	69.0
PF3D7_1235200	7.932217418824561e-05	3.52246275	49.5	40.25	98.0
PF3D7_1235300	5.735652685057447e-06	108.86838112500001	51.0	10.0	-104.0
PF3D7_1235500	1.0	14.472089250000003	48.125	31.9375	-16.0
PF3D7_1235600	1.46918915520106e-05	327.20424825	51.0	43.0	102.0
PF3D7_1235700	0.0006803297011630345	99.07819425	51.0	43.0	92.0
PF3D7_1235900	0.01943095169546062	49.70617125000001	51.0	14.5	-80.0
PF3D7_1236000	0.23894651657040047	22.06844775	51.0	43.0	68.0
PF3D7_1236100	0.002342695994481709	190.270236375	51.0	29.5	88.0
PF3D7_1236200	0.34159160256630494	5.984252625	51.0	38.5	66.0
PF3D7_1236400	2.0695381558476795e-06	50.88802837499999	51.0	10.0	-106.0
PF3D7_1236700	0.002342695994481709	38.46858525	51.0	40.0	88.0
PF3D7_1236800	2.0695381558476795e-06	2.836257	51.0	43.0	106.0
PF3D7_1236900	0.0001698261780107018	4.3488735	51.0	44.5	96.0
PF3D7_1237000	0.11143167772483249	38.473307999999996	51.0	37.0	72.0
PF3D7_1237100	1.0	5.560755375000001	48.125	32.40625	-26.0
PF3D7_1237200	0.01943095169546062	35.693198249999995	51.0	16.0	-80.0
PF3D7_1237400	1.0	12.134825625000003	48.125	27.4375	-46.0
PF3D7_1237500	0.002342695994481709	8.14275412500001	45.0	13.75	-88.0
PF3D7_1237600	0.048426734117954354	37.512599249999994	51.0	13.0	-76.0
PF3D7_1237700	0.34159160256630494	347.64072375	51.0	44.5	66.0
PF3D7_1237800	1.0	73.760787	48.125	15.21875	-26.0
PF3D7_1237900	0.9151609289079528	234.91815674999998	51.0	13.0	-60.0
PF3D7_1238000	0.007115131547795238	10.698268125	45.0	4.75	-84.0
PF3D7_1238100	0.0001698261780107018	442.621994625	51.0	37.0	96.0
PF3D7_1238300	0.048426734117954354	99.13889962500002	51.0	13.0	-76.0
PF3D7_1238500	0.011903316453167643	63.31577175	51.0	34.0	82.0
PF3D7_1238600	3.516389639901545e-05	4.573997250000001	51.0	46.0	100.0
PF3D7_1238700	0.0006803297011630345	25.517774250000002	51.0	43.0	92.0
PF3D7_1238800	0.00034707262534643487	304.0051635	51.0	7.0	-94.0
PF3D7_1238900	0.074149409439216	60.681748875	48.0	37.0	74.0
PF3D7_1239000	1.0	20.30485837500001	48.125	17.40625	-28.0
PF3D7_1239100	0.16453699804109032	66.387567	51.0	43.0	70.0
PF3D7_1239200	0.007115131547795238	41.49643125	51.0	44.5	84.0
PF3D7_1239300	0.074149409439216	25.197701250000012	51.0	19.0	-74.0
PF3D7_1239500	0.0006803297011630345	10.019535749999998	51.0	43.0	92.0
PF3D7_1239600	0.01943095169546062	76.08686287500001	51.0	40.0	80.0
PF3D7_1239700	0.004141795071110547	153.046871625	51.0	38.5	86.0
PF3D7_1239800	0.004141795071110547	14.261854875000001	51.0	38.5	86.0
PF3D7_1239900	0.007115131547795238	21.855618374999995	45.0	11.5	-84.0
PF3D7_1240000	0.002342695994481709	54.57022987499999	51.0	13.0	-88.0
PF3D7_1240100	0.0012842624885035599	113.575621875	51.0	5.5	-90.0
PF3D7_1241100	0.002342695994481709	59.03090624999997	51.0	13.0	-88.0
PF3D7_1241200	1.0	11.495431874999998	48.125	13.395833333333334	-44.0
PF3D7_1241500	0.01943095169546062	28.371605625	51.0	35.5	80.0
PF3D7_1241600	0.031003550035172057	16.167459750000003	51.0	43.0	78.0
PF3D7_1241700	0.007115131547795238	92.15035425	51.0	41.5	84.0
PF3D7_1241800	0.002342695994481709	135.12962512499996	51.0	13.0	-88.0
PF3D7_1241900	0.004141795071110547	45.65381587500001	45.0	11.5	-86.0
PF3D7_1242000	1.0	4.869255375000001	48.125	34.375	-8.0
PF3D7_1242100	1.0	14.515149749999994	48.125	25.895833333333332	-8.0
PF3D7_1242200	1.0	29.153115375000006	48.125	34.697916666666664	-6.0
PF3D7_1242300	0.002342695994481709	49.968760875	51.0	42.25	88.0
PF3D7_1242500	0.007115131547795238	13.337523375	51.0	41.5	84.0
PF3D7_1242600	1.0	10.871452500000004	48.125	22.71875	-58.0
PF3D7_1242700	0.0012842624885035599	4180.204928249999	51.0	34.0	90.0
PF3D7_1242800	1.0	197.21839162499987	48.125	13.15625	-42.0
PF3D7_1242900	0.015667134074314134	157.146648375	51.0	41.5	81.0
PF3D7_1243000	0.01943095169546062	10.250738250000001	51.0	43.0	80.0
PF3D7_1243100	1.0	62.74973962499997	48.125	34.697916666666664	-4.0
PF3D7_1243200	0.4810985075880909	10.460230125	45.0	16.0	-64.0
PF3D7_1243500	0.031003550035172057	26.49938025	51.0	46.0	78.0
PF3D7_1243600	1.0	883.4492594999997	48.125	19.375	-58.0
PF3D7_1243700	2.0695381558476795e-06	34.193392875	45.0	4.0	-106.0
PF3D7_1243800	0.16453699804109032	11.272107000000007	45.0	25.0	70.0
PF3D7_1243900	5.124670303241732e-08	1.1257623749999999	51.0	47.5	112.0
PF3D7_1244000	0.0006803297011630345	19.26078975	51.0	40.0	92.0
PF3D7_1244100	0.007115131547795238	27.51717974999999	51.0	32.5	84.0
PF3D7_1244200	1.0	14.537373000000006	48.125	19.71875	-52.0
PF3D7_1244400	0.011903316453167643	28.977843	49.5	17.25	-82.0
PF3D7_1244600	1.0	31.892939250000016	48.125	34.375	-12.0
PF3D7_1244700	0.9151609289079528	19.885067625000012	45.0	13.0	-60.0
PF3D7_1244800	0.004141795071110547	178.719282	51.0	31.0	86.0
PF3D7_1245100	1.0	8.775097875	48.125	32.40625	-36.0
PF3D7_1245300	0.00012457417609947372	40.857507375000004	51.0	41.5	97.0
PF3D7_1245400	0.007115131547795238	53.99390100000001	51.0	43.0	84.0
PF3D7_1245500	0.007115131547795238	1.6076985	51.0	44.5	84.0
PF3D7_1245800	0.031003550035172057	16.798221749999996	48.0	15.5	-78.0
PF3D7_1246200	5.124670303241732e-08	863.4758549999999	51.0	47.5	112.0
PF3D7_1246300	3.516389639901545e-05	89.949429375	45.0	14.5	-100.0
PF3D7_1246400	6.804813352432401e-07	202.467379875	49.5	17.25	-108.0
PF3D7_1246500	1.0	8.085183749999999	48.125	34.375	-4.0
PF3D7_1246600	1.0	31.390760625000002	48.125	20.75	-18.0
PF3D7_1246700	0.031003550035172057	28.8122865	51.0	43.0	78.0
PF3D7_1246800	0.34159160256630494	173.95877025000001	51.0	37.0	66.0
PF3D7_1247000.2	0.002342695994481709	2.445493875	50.0	42.166666666666664	88.0
PF3D7_1247100	1.0	15.251116875000001	48.125	25.0	-30.0
PF3D7_1247200	1.0	17.054109749999995	48.125	29.15625	-6.0
PF3D7_1247300	0.0012842624885035599	19.416175124999995	45.0	13.75	-90.0
PF3D7_1247400	0.00034707262534643487	449.60707949999994	51.0	37.0	94.0
PF3D7_1247500	2.0008650961031914e-07	7.78917	51.0	44.5	110.0
PF3D7_1247700	0.004141795071110547	1.4710698749999997	45.0	4.0	-86.0
PF3D7_1247800	0.0006803297011630345	2.4086418749999994	49.5	17.25	-92.0
PF3D7_1247900	0.002342695994481709	225.458938125	51.0	16.0	-88.0
PF3D7_1248000	0.4810985075880909	3.110212125	49.5	40.25	64.0
PF3D7_1248100	1.0	21.53951475000001	48.125	33.46875	-2.0
PF3D7_1248200	1.0	34.98103724999999	48.125	34.697916666666664	-10.0
PF3D7_1248300	0.03971514207656321	18.651511125	51.0	43.0	77.0
PF3D7_1248500	0.00034707262534643487	254.12237775	51.0	46.0	94.0
PF3D7_1248600	0.6680367990420074	28.310160749999994	51.0	43.0	62.0
PF3D7_1248700	0.0012842624885035599	334.76240662500004	51.0	13.0	-90.0
PF3D7_1248800	0.011903316453167643	34.681659375	51.0	41.5	82.0
PF3D7_1248900	0.4810985075880909	82.25893875000003	51.0	38.5	64.0
PF3D7_1249100	1.0	71.98383187500002	48.125	34.46875	-20.0
PF3D7_1249300	0.23894651657040047	29.230723499999993	51.0	43.0	68.0
PF3D7_1249400	0.0006803297011630345	24.50107725	51.0	41.5	92.0
PF3D7_1249500	0.0006803297011630345	62.42590875	51.0	43.0	92.0
PF3D7_1249600	3.516389639901545e-05	5.086212375000001	51.0	44.5	100.0
PF3D7_1249800	0.16453699804109032	11.503207499999993	45.0	13.0	-70.0
PF3D7_1249900	1.0	32.294760374999996	48.125	18.90625	-58.0
PF3D7_1250000	1.0	113.689942875	48.125	24.6875	-22.0
PF3D7_1250200	0.002342695994481709	70.780878	51.0	13.0	-88.0
PF3D7_1250300	0.031003550035172057	96.360070875	51.0	38.5	78.0
PF3D7_1250500	0.4810985075880909	114.357925875	51.0	34.0	64.0
PF3D7_1250600	0.16453699804109032	45.725236125	45.0	10.0	-70.0
PF3D7_1250700	1.0	51.828197625	48.125	20.40625	-58.0
PF3D7_1250800	0.9151609289079528	43.499281125	51.0	43.0	60.0
PF3D7_1250900	1.0	8.523176625	48.125	23.09375	-14.0
PF3D7_1251100	0.002342695994481709	101.7200744999999	51.0	13.0	-88.0
PF3D7_1251200	0.007115131547795238	82.20527775000002	49.5	17.25	-84.0
PF3D7_1251300	1.46918915520106e-05	114.676995	51.0	44.5	102.0
PF3D7_1251500	0.007115131547795238	224.54037262500003	51.0	16.0	-84.0
PF3D7_1251600	0.031003550035172057	40.51829212500001	51.0	11.5	-78.0
PF3D7_1251700	0.048426734117954354	15.576298124999997	51.0	43.0	76.0
PF3D7_1251800	1.0	14.301103875000003	48.125	14.34375	-58.0
PF3D7_1252100	1.46918915520106e-05	5.105089499999999	49.5	17.25	-102.0
PF3D7_1252300	1.099815087910326e-08	5160.213967125	45.0	25.0	114.0
PF3D7_1252600	0.01943095169546062	186.794322375	51.0	13.0	-80.0
PF3D7_1252700	1.0	86.59393462500002	48.125	30.90625	-50.0
PF3D7_1252800	0.01943095169546062	31.745530874999993	51.0	11.5	-80.0
PF3D7_1252900	0.003242245532796128	16.199347875	51.0	5.5	-87.0
PF3D7_1253100	0.01943095169546062	46.141151625	51.0	13.0	-80.0
PF3D7_1253300	0.34159160256630494	306.153927	51.0	13.0	-66.0
PF3D7_1300800	0.002342695994481709	772.1075145000002	51.0	14.5	-88.0
PF3D7_1301400	5.124670303241732e-08	207.2764875	49.5	26.5	112.0
PF3D7_1301600	0.007115131547795238	10.04383575	49.5	1.75	-84.0
PF3D7_1301700	5.735652685057447e-06	714.602628375	51.0	19.0	-104.0
PF3D7_1301900	1.0	2.2457306249999998	48.125	21.84375	-52.0
PF3D7_1302000	0.004141795071110547	1797.532299375	51.0	14.5	-86.0
PF3D7_1302100	0.002342695994481709	320.26539262500006	49.5	40.0	88.0
PF3D7_1302300	0.34159160256630494	136.568631	51.0	43.0	66.0
PF3D7_1302500	0.6680367990420074	17.20472775	45.0	6.25	-62.0
PF3D7_1302600	0.11143167772483249	57.675535124999996	51.0	14.5	-72.0
PF3D7_1302700	0.011903316453167643	59.481882750000025	51.0	14.5	-82.0
PF3D7_1302800	0.004141795071110547	671.8836892500001	51.0	32.5	86.0
PF3D7_1302900	0.048426734117954354	15.879032625	51.0	37.0	76.0
PF3D7_1303000	0.031003550035172057	246.05002575000006	51.0	38.5	78.0
PF3D7_1303100	0.048426734117954354	111.99977137500002	51.0	38.5	76.0
PF3D7_1303200.1	1.0	10.77534	48.125	30.90625	-37.0
PF3D7_1303300	0.34159160256630494	6.284602124999997	45.0	25.0	66.0
PF3D7_1303400	0.0012842624885035599	116.11472062500002	51.0	11.5	-90.0
PF3D7_1303500	0.0001698261780107018	106.87141087500001	45.0	13.0	-96.0
PF3D7_1303600	1.0	19.393464375	48.125	34.375	-12.0
PF3D7_1303700	1.0	0.892945875	48.125	27.03125	-22.0
PF3D7_1303800	0.004141795071110547	16.15890525	51.0	43.0	86.0
PF3D7_1304000	3.516389639901545e-05	10.9249395	51.0	44.5	100.0
PF3D7_1304100	0.0012842624885035599	30.922594874999998	51.0	43.0	90.0
PF3D7_1304200.1	0.34159160256630494	14.872313250000001	51.0	32.5	66.0
PF3D7_1304400	1.0	35.184410625000005	48.125	13.8125	-44.0
PF3D7_1304500	0.048426734117954354	265.62596775	51.0	40.0	76.0
PF3D7_1304700	0.02521725086531634	8.42706675	51.0	41.5	79.0
PF3D7_1304900	0.23894651657040047	69.34196737500001	51.0	41.5	68.0
PF3D7_1305000	0.002342695994481709	21.15063975	51.0	44.5	88.0
PF3D7_1305100	0.031003550035172057	9.695519625	51.0	44.5	78.0
PF3D7_1305300	0.074149409439216	28.606754625000004	51.0	16.0	-74.0
PF3D7_1305400	1.0	8.527461	48.125	16.875	-30.0
PF3D7_1305600	0.015667134074314134	6.878695125	51.0	43.0	81.0
PF3D7_1305700	0.048426734117954354	25.985743500000005	51.0	35.5	76.0
PF3D7_1305900	0.11143167772483249	64.99594687499999	51.0	35.5	72.0
PF3D7_1306100	0.00034707262534643487	10.706434875	51.0	41.5	94.0
PF3D7_1306200	0.002342695994481709	11.295559875	51.0	43.0	88.0
PF3D7_1306400	0.16453699804109032	311.0488395	51.0	38.5	70.0
PF3D7_1306600	0.007115131547795238	44.373081375	51.0	32.5	84.0
PF3D7_1306700	0.002342695994481709	4.912025625	51.0	46.0	88.0
PF3D7_1306800	1.0	14.000027999999997	48.125	13.15625	-58.0
PF3D7_1306900	0.34159160256630494	24.662495249999996	51.0	13.0	-66.0
PF3D7_1307000	1.0	11.04348712500001	48.125	29.9375	-46.0
PF3D7_1307100	0.0012842624885035599	83.99315212499998	51.0	14.5	-90.0
PF3D7_1307200	1.0	19.5445365	48.125	17.9375	-24.0
PF3D7_1307500	0.074149409439216	9.30360975	48.0	12.833333333333334	-74.0
PF3D7_1307600	0.002342695994481709	62.144525249999994	51.0	43.0	88.0
PF3D7_1307700	1.0	17.655819750000003	48.125	34.875	-14.0
PF3D7_1307800	1.0	23.627872500000006	48.125	33.90625	-16.0
PF3D7_1307900	0.00034707262534643487	0.8692799999999998	49.5	40.25	94.0
PF3D7_1308000	0.0001698261780107018	3.868948125	45.0	4.0	-96.0
PF3D7_1308100	0.031003550035172057	50.562669	51.0	40.75	78.0
PF3D7_1308200	0.9151609289079528	56.16863887499997	45.0	25.0	60.0
PF3D7_1308300	6.804813352432401e-07	3426.249021375002	51.0	31.0	108.0
PF3D7_1308400	1.0	10.483206000000003	48.125	30.90625	-46.0
PF3D7_1308500	0.0006803297011630345	24.553036500000005	51.0	41.5	92.0
PF3D7_1308700	0.0006803297011630345	10.892540624999999	51.0	44.5	92.0
PF3D7_1308800	0.007115131547795238	46.951535625000005	51.0	41.5	84.0
PF3D7_1308900	0.011903316453167643	93.21684712499996	49.5	26.5	82.0
PF3D7_1309000	1.0	27.977234250000016	48.125	19.25	-58.0
PF3D7_1309100	0.0012842624885035599	2610.8416428749997	45.0	25.0	90.0
PF3D7_1309200	1.0	26.98511475	48.125	35.166666666666664	-14.0
PF3D7_1309300	0.004141795071110547	188.27647649999994	51.0	13.0	-86.0
PF3D7_1309400	0.6680367990420074	13.033002374999999	51.0	44.5	62.0
PF3D7_1309500	0.16453699804109032	79.7417205	51.0	16.0	-70.0
PF3D7_1309600	1.0	18.844225875000003	48.125	34.875	-10.0
PF3D7_1309800	0.002342695994481709	64.07651362499999	51.0	38.5	88.0
PF3D7_1309900	0.09279054358202424	15.73591725	51.0	42.25	73.0
PF3D7_1310200	0.011903316453167643	11.89823625	49.5	40.25	82.0
PF3D7_1310300	0.0006803297011630345	13.958704875	51.0	34.0	92.0
PF3D7_1310400	0.002342695994481709	13.542374250000007	51.0	31.0	88.0
PF3D7_1310500	1.0	6.032048250000013	48.125	31.9375	-16.0
PF3D7_1310600	0.0006803297011630345	108.42105525	51.0	43.0	92.0
PF3D7_1310700	7.932217418824561e-05	491.77030650000006	51.0	4.0	-98.0
PF3D7_1310800	0.074149409439216	13.849823624999999	49.5	28.0	74.0
PF3D7_1310900	0.4810985075880909	28.603101749999997	46.5	41.5	64.0
PF3D7_1311000	1.0	80.43380024999999	48.125	34.697916666666664	-6.0
PF3D7_1311100	0.0001698261780107018	21.552701625	51.0	14.5	-96.0
PF3D7_1311200	1.0	8.847869999999999	48.125	34.46875	-14.0
PF3D7_1311300	0.048426734117954354	28.868260874999997	51.0	38.5	76.0
PF3D7_1311400	1.0	55.69414125000003	48.125	32.135416666666664	-12.0
PF3D7_1311500	0.6680367990420074	136.37526337499997	51.0	43.0	62.0
PF3D7_1311600	0.0006803297011630345	23.430919874999997	48.0	12.0	-92.0
PF3D7_1311700	0.011903316453167643	144.904906875	51.0	32.5	82.0
PF3D7_1311800	0.0001698261780107018	321.516322125	51.0	31.0	96.0
PF3D7_1311900	0.6680367990420074	86.05994174999998	51.0	29.5	62.0
PF3D7_1312100	0.004141795071110547	1.1948340000000002	51.0	47.5	86.0
PF3D7_1312300	0.00025844940167856834	8.366197875000001	51.0	43.0	95.0
PF3D7_1312500	3.516389639901545e-05	132.080225625	49.5	3.25	-100.0
PF3D7_1312600	6.804813352432401e-07	12.842678250000002	51.0	46.0	108.0
PF3D7_1312700	0.0012842624885035599	70.210827375	51.0	38.5	90.0
PF3D7_1312800	3.516389639901545e-05	6.917917875	51.0	44.5	100.0
PF3D7_1312900	1.0	50.33788649999997	48.125	18.75	-48.0
PF3D7_1313000	0.11143167772483249	142.58963062499998	51.0	40.0	72.0
PF3D7_1313300	0.074149409439216	18.261657749999998	51.0	40.0	74.0
PF3D7_1313400	0.16453699804109032	26.342143125	51.0	38.5	70.0
PF3D7_1313600	0.00034707262534643487	0.42327375	49.5	17.25	-94.0
PF3D7_1313700	0.4810985075880909	28.444897874999995	51.0	38.5	64.0
PF3D7_1313800	7.932217418824561e-05	55.56728175000001	51.0	13.0	-98.0
PF3D7_1314100	0.011903316453167643	6.803327624999997	51.0	35.5	82.0
PF3D7_1314300	0.11143167772483249	17.145025125	51.0	43.0	72.0
PF3D7_1314400	0.23894651657040047	13.684867500000001	51.0	43.0	68.0
PF3D7_1314500	0.6680367990420074	74.228301375	51.0	38.5	62.0
PF3D7_1314600	1.0	9.295686000000003	48.125	32.40625	-24.0
PF3D7_1314700	0.01943095169546062	60.931809	51.0	43.0	80.0
PF3D7_1314900	1.0	22.675894500000012	48.125	34.875	-10.0
PF3D7_1315000	0.6680367990420074	36.18935812499999	51.0	11.5	-62.0
PF3D7_1315300	3.516389639901545e-05	2.2036436249999998	51.0	46.0	100.0
PF3D7_1315400	1.0	68.338041	48.125	18.21875	-30.0
PF3D7_1315500	0.002342695994481709	212.91162337500003	51.0	32.5	88.0
PF3D7_1315600	0.007115131547795238	131.978677125	51.0	38.5	84.0
PF3D7_1315700	0.01943095169546062	11.903824874999994	49.5	28.0	80.0
PF3D7_1315800	1.0	27.916573875000005	48.125	33.90625	-10.0
PF3D7_1315900	0.0001698261780107018	37.42836674999999	48.0	11.5	-96.0
PF3D7_1316100	1.0	31.268446500000003	48.125	16.875	-44.0
PF3D7_1316200	0.011903316453167643	8.953724249999999	51.0	44.5	82.0
PF3D7_1316500	0.11143167772483249	28.966121625000017	51.0	13.0	-72.0
PF3D7_1316600	0.011903316453167643	91.57092787500001	51.0	38.5	82.0
PF3D7_1316800	1.0	38.08447199999999	48.125	18.90625	-36.0
PF3D7_1316900	1.0	17.742746624999995	48.125	18.375	-36.0
PF3D7_1317000	1.0	32.003180999999984	48.125	27.53125	-10.0
PF3D7_1317100	7.932217418824561e-05	104.058564	51.0	41.5	98.0
PF3D7_1317200	0.0001698261780107018	95.77060575	51.0	31.0	96.0
PF3D7_1317300	0.34159160256630494	181.551010875	51.0	34.0	66.0
PF3D7_1317400	0.34159160256630494	128.13804750000003	51.0	34.0	66.0
PF3D7_1317500	0.34159160256630494	28.39391025	51.0	38.5	66.0
PF3D7_1317600	0.16453699804109032	11.277738375	51.0	38.5	70.0
PF3D7_1317700	0.048426734117954354	11.050450874999997	49.5	19.75	-76.0
PF3D7_1317800	0.0006803297011630345	2907.02084025	51.0	29.5	92.0
PF3D7_1317900	0.007115131547795238	44.206543124999996	51.0	16.0	-84.0
PF3D7_1318000	0.048426734117954354	23.575119750000002	45.0	5.5	-76.0
PF3D7_1318100	0.0012842624885035599	52.463431875000005	51.0	41.5	90.0
PF3D7_1318300	0.048426734117954354	21.016816499999997	51.0	34.0	76.0
PF3D7_1318400	0.0012842624885035599	23.353118625	51.0	41.5	90.0
PF3D7_1318700	0.01943095169546062	6.3654438749999995	51.0	46.0	80.0
PF3D7_1318800	0.031003550035172057	92.73784724999996	51.0	46.0	78.0
PF3D7_1319100	0.0001698261780107018	170.26136287499997	51.0	10.0	-96.0
PF3D7_1319300	0.048426734117954354	68.99317462500001	51.0	13.0	-76.0
PF3D7_1319400	0.007115131547795238	25.470380249999998	51.0	46.0	84.0
PF3D7_1319500	0.5745676533150491	12.571211624999998	51.0	43.0	63.0
PF3D7_1319800	0.03971514207656321	4.0486781249999995	51.0	44.5	77.0
PF3D7_1320000	6.804813352432401e-07	93.18782737500001	48.0	14.5	-108.0
PF3D7_1320100	0.0006803297011630345	22.808621249999998	51.0	43.0	92.0
PF3D7_1320200	0.074149409439216	9.111150750000002	51.0	43.0	74.0
PF3D7_1320300	0.11143167772483249	12.706764	51.0	37.0	72.0
PF3D7_1320400	0.23894651657040047	24.34276125	51.0	35.5	68.0
PF3D7_1320500	0.074149409439216	84.31623450000001	51.0	38.5	74.0
PF3D7_1320600	0.048426734117954354	297.74130975	47.25	17.875	-76.0
PF3D7_1320700	3.516389639901545e-05	2.6025543750000004	51.0	47.5	100.0
PF3D7_1320800	0.0001698261780107018	85.54684650000002	51.0	41.5	96.0
PF3D7_1320900	1.0	71.14714537500001	48.125	31.71875	-6.0
PF3D7_1321100	0.004141795071110547	3.4647408750000004	45.0	4.75	-86.0
PF3D7_1321200	1.0	41.561017875000026	48.125	24.96875	-38.0
PF3D7_1321300	0.011903316453167643	19.5390915	45.0	13.75	-82.0
PF3D7_1321400	1.0	8.827206749999997	48.125	27.125	-18.0
PF3D7_1321500.1	1.46918915520106e-05	9.257109000000002	51.0	44.5	102.0
PF3D7_1321700	0.074149409439216	226.40168137499995	51.0	16.0	-74.0
PF3D7_1321800	0.031003550035172057	68.73499050000001	51.0	11.5	-78.0
PF3D7_1321900	1.0	32.681002125	48.125	32.40625	-20.0
PF3D7_1322000	1.46918915520106e-05	25.899603749999997	51.0	44.5	102.0
PF3D7_1322100	0.048426734117954354	107.05082887500001	51.0	13.0	-76.0
PF3D7_1322200	0.004141795071110547	22.54025625	51.0	41.5	86.0
PF3D7_1322300	0.4810985075880909	13.447193249999998	51.0	46.0	64.0
PF3D7_1322500	7.932217418824561e-05	4.256166375	51.0	47.5	98.0
PF3D7_1322600	7.932217418824561e-05	0.844797375	51.0	47.5	98.0
PF3D7_1322800	0.074149409439216	3.882620625	51.0	43.75	74.0
PF3D7_1323000	1.0	34.86267562500001	48.125	33.90625	-16.0
PF3D7_1323100	1.099815087910326e-08	1032.50030175	51.0	31.0	114.0
PF3D7_1323200	1.0	170.23697999999996	48.125	24.28125	-40.0
PF3D7_1323300	0.23894651657040047	6.879323624999999	51.0	41.5	68.0
PF3D7_1323400	0.002342695994481709	2303.4385012500006	51.0	32.5	88.0
PF3D7_1323500	1.0	41.795625000000015	48.125	34.46875	-24.0
PF3D7_1323600	0.00034707262534643487	47.811549375	51.0	41.5	94.0
PF3D7_1323700	1.46918915520106e-05	76.475925375	45.0	4.0	-102.0
PF3D7_1323800	0.074149409439216	9.650176125000002	45.0	13.0	-74.0
PF3D7_1323900	0.0006803297011630345	27.358258125	51.0	14.5	-92.0
PF3D7_1324000	0.34159160256630494	17.580022874999994	45.0	20.5	-66.0
PF3D7_1324100	0.01943095169546062	20.444294624999998	51.0	41.5	80.0
PF3D7_1324200	0.031003550035172057	59.07073275	45.0	13.0	-78.0
PF3D7_1324400	0.0012842624885035599	252.51434475	51.0	10.0	-90.0
PF3D7_1324500	0.00034707262534643487	20.036487374999997	51.0	43.0	94.0
PF3D7_1324700	0.11143167772483249	83.09965312499999	45.0	11.5	-72.0
PF3D7_1324800	0.34159160256630494	65.264560125	51.0	38.5	66.0
PF3D7_1324900	0.0006803297011630345	3401.4901627500003	51.0	37.0	92.0
PF3D7_1325000	0.004141795071110547	371.432760375	51.0	40.0	86.0
PF3D7_1325100	1.0	57.14855099999994	48.125	19.25	-58.0
PF3D7_1325400	5.735652685057447e-06	2.485594875	51.0	46.0	104.0
PF3D7_1325600	0.048426734117954354	12.977572875	51.0	41.5	76.0
PF3D7_1325700	0.2017417573057454	38.393374875	51.0	42.25	69.0
PF3D7_1325800	0.002342695994481709	17.116762875	51.0	34.0	88.0
PF3D7_1325900	6.804813352432401e-07	1.934166	51.0	44.5	108.0
PF3D7_1326000	0.011903316453167643	56.581832999999996	51.0	43.0	82.0
PF3D7_1326100	0.23894651657040047	29.052195	51.0	34.0	68.0
PF3D7_1326300	0.031003550035172057	173.275984125	49.5	11.5	-78.0
PF3D7_1326400	1.0	27.069334124999997	48.125	33.28125	-16.0
PF3D7_1326600	0.0001698261780107018	10.271617124999999	51.0	43.0	96.0
PF3D7_1326700	1.0	11.023723500000001	48.125	19.25	-38.0
PF3D7_1326800	1.0	6.469328249999998	48.125	24.5	-40.0
PF3D7_1327000	1.0	3.9912416250000042	48.125	20.25	-38.0
PF3D7_1327200	0.004141795071110547	41.545627875	45.0	14.5	-86.0
PF3D7_1327300	0.01943095169546062	11.694055875	51.0	46.0	80.0
PF3D7_1327400	0.11143167772483249	11.952964875	51.0	43.0	72.0
PF3D7_1327500	0.007115131547795238	0.67367925	50.0	27.333333333333332	-84.0
PF3D7_1327600	0.048426734117954354	18.446528625	51.0	43.0	76.0
PF3D7_1327700	0.0012842624885035599	23.157593625000008	45.0	13.75	-90.0
PF3D7_1327800	0.23894651657040047	33.34745099999998	51.0	34.0	68.0
PF3D7_1328000	0.002342695994481709	3.6120048750000002	51.0	43.0	88.0
PF3D7_1328100	0.23894651657040047	255.38287275000005	51.0	38.5	68.0
PF3D7_1328200	0.00034707262534643487	4.2018059999999995	51.0	44.5	94.0
PF3D7_1328300	0.074149409439216	113.88156599999999	51.0	38.5	74.0
PF3D7_1328500	0.23894651657040047	45.78630750000001	51.0	29.5	68.0
PF3D7_1328800	1.0	65.78143837499998	48.125	32.28125	-6.0
PF3D7_1329000	0.074149409439216	45.76803075000001	51.0	14.5	-74.0
PF3D7_1329100	0.23894651657040047	99.568458	51.0	34.0	68.0
PF3D7_1329200	7.932217418824561e-05	11.790166124999999	49.5	44.5	98.0
PF3D7_1329300	0.11143167772483249	25.370650875	51.0	47.5	72.0
PF3D7_1329400	1.0	25.617762750000004	48.125	31.9375	-34.0
PF3D7_1329500	0.01943095169546062	861.895209	51.0	13.0	-80.0
PF3D7_1329600	0.23894651657040047	85.77565575	51.0	13.0	-68.0
PF3D7_1330000.1	0.074149409439216	57.8878305	51.0	41.5	74.0
PF3D7_1330100	0.23894651657040047	63.72514087500001	51.0	40.0	68.0
PF3D7_1330200	0.074149409439216	55.12905412500001	51.0	38.5	74.0
PF3D7_1330300	0.007115131547795238	84.52409137500001	51.0	37.0	84.0
PF3D7_1330400.1	1.0	109.15673475	48.125	15.84375	-52.0
PF3D7_1330400.2	1.0	0.08112375000000001	48.125	14.65625	-18.0
PF3D7_1330500	0.031003550035172057	5.112772874999999	51.0	47.5	78.0
PF3D7_1330600	0.0006803297011630345	94.62332549999999	51.0	41.5	92.0
PF3D7_1330700	0.007115131547795238	6.324221999999999	51.0	44.5	84.0
PF3D7_1330800	1.0	347.0441478749999	48.125	14.8125	-26.0
PF3D7_1331000	0.4810985075880909	1.4171913749999996	49.5	17.25	-64.0
PF3D7_1331100	1.0	17.722457249999998	48.125	17.25	-54.0
PF3D7_1331200	0.007115131547795238	39.405281625000015	51.0	16.0	-84.0
PF3D7_1331300	0.0001698261780107018	117.169753125	51.0	43.0	96.0
PF3D7_1331500	5.735652685057447e-06	5.972797125000001	51.0	46.0	104.0
PF3D7_1331600	7.932217418824561e-05	29.038493999999996	51.0	44.5	98.0
PF3D7_1331700	7.932217418824561e-05	77.57945250000002	49.5	28.0	98.0
PF3D7_1331800	0.00034707262534643487	3318.7112955000007	49.5	28.0	94.0
PF3D7_1332000	1.0	55.045030499999996	48.125	34.697916666666664	-12.0
PF3D7_1332200	0.004141795071110547	34.897143375	45.0	4.0	-86.0
PF3D7_1332300	1.0	9.76792875	48.125	33.90625	-8.0
PF3D7_1332400	0.11143167772483249	22.033887749999998	51.0	22.0	-72.0
PF3D7_1332500	0.23894651657040047	94.20928425	46.8	16.6	-68.0
PF3D7_1332600	0.0001698261780107018	29.311078875	51.0	44.5	96.0
PF3D7_1332700	0.048426734117954354	69.96885487500003	51.0	13.0	-76.0
PF3D7_1332800	0.01943095169546062	82.92933562500001	49.5	26.5	80.0
PF3D7_1332900	1.0	35.813641875000016	48.125	27.28125	-30.0
PF3D7_1333000	0.0001698261780107018	218.44628662500003	51.0	37.0	96.0
PF3D7_1333200	0.11143167772483249	15.368999999999998	51.0	38.5	72.0
PF3D7_1333300	0.6680367990420074	54.05413949999998	51.0	37.0	62.0
PF3D7_1333400	1.0	38.716509000000016	48.125	28.729166666666668	-12.0
PF3D7_1333500	0.074149409439216	19.53666675	51.0	44.5	74.0
PF3D7_1333600	0.0012842624885035599	81.270595125	51.0	14.5	-90.0
PF3D7_1333700	0.031003550035172057	85.08400725000001	51.0	44.5	78.0
PF3D7_1333800	1.0	40.54164749999998	48.125	13.71875	-32.0
PF3D7_1333900	0.074149409439216	5.6412555	51.0	43.0	74.0
PF3D7_1334000	0.01943095169546062	4.0116795000000005	51.0	44.5	80.0
PF3D7_1334100	0.9151609289079528	18.618653249999998	51.0	38.5	60.0
PF3D7_1334200	0.048426734117954354	39.583369875	49.5	28.0	76.0
PF3D7_1334300	0.0012842624885035599	78.731082375	51.0	35.5	90.0
PF3D7_1334500	0.0006803297011630345	65.96812800000001	51.0	41.5	92.0
PF3D7_1334600	0.0012842624885035599	5.133690750000001	45.0	4.75	-90.0
PF3D7_1334700	3.516389639901545e-05	317.82397875000004	51.0	8.5	-100.0
PF3D7_1334800	0.34159160256630494	23.216668500000004	51.0	47.5	66.0
PF3D7_1334900	1.0	3.30521775	48.125	24.90625	-48.0
PF3D7_1335100	1.46918915520106e-05	171.29101237499998	45.0	4.0	-102.0
PF3D7_1335700	0.031003550035172057	14.507883749999998	51.0	38.5	78.0
PF3D7_1335800	0.0006803297011630345	19.605538499999998	51.0	40.0	92.0
PF3D7_1336000	0.031003550035172057	19.818729374999997	49.5	9.25	-78.0
PF3D7_1336100	0.007115131547795238	11.613323624999998	51.0	46.0	84.0
PF3D7_1336200	0.00034707262534643487	46.07475375	51.0	40.0	94.0
PF3D7_1336400	0.0001698261780107018	15.733639874999994	51.0	47.5	96.0
PF3D7_1336600	3.516389639901545e-05	118.16187074999999	51.0	43.0	100.0
PF3D7_1336700	0.9151609289079528	462.7394636250002	51.0	7.0	-60.0
PF3D7_1336800	1.0	56.99280337500005	48.125	25.25	-48.0
PF3D7_1336900	0.074149409439216	9.711585749999998	51.0	31.0	74.0
PF3D7_1337100	7.932217418824561e-05	64.17327975	51.0	37.0	98.0
PF3D7_1337200	0.4810985075880909	21.185790374999996	51.0	35.5	64.0
PF3D7_1337300	1.0	15.894341999999995	48.125	22.25	-46.0
PF3D7_1337400	6.804813352432401e-07	74.07393225	48.0	13.0	-108.0
PF3D7_1337500	1.0	16.069195125000004	48.125	18.90625	-42.0
PF3D7_1337700	0.0006803297011630345	2.4573693750000003	45.0	4.75	-92.0
PF3D7_1337800	0.00034707262534643487	29.469832124999996	51.0	7.0	-94.0
PF3D7_1337900	0.9151609289079528	20.62078837499999	45.0	12.25	-60.0
PF3D7_1338000	0.048426734117954354	31.263119249999995	51.0	38.5	76.0
PF3D7_1338100	0.4810985075880909	161.72384249999996	51.0	34.0	64.0
PF3D7_1338200	1.0	705.6148436250004	48.125	34.46875	-16.0
PF3D7_1338300	0.074149409439216	374.0676341249997	51.0	29.5	74.0
PF3D7_1338600	6.804813352432401e-07	32.059653000000004	51.0	44.5	108.0
PF3D7_1338700	0.002342695994481709	64.65091275	51.0	43.0	88.0
PF3D7_1338900	7.932217418824561e-05	10.705495875	51.0	43.0	98.0
PF3D7_1339300	0.00034707262534643487	284.77553624999996	49.5	28.0	94.0
PF3D7_1339400	3.516389639901545e-05	51.877447124999996	51.0	43.0	100.0
PF3D7_1339500	0.1379843378829614	28.247847750000002	51.0	38.5	71.0
PF3D7_1339700	0.002342695994481709	12.610939124999998	51.0	41.5	88.0
PF3D7_1339800	0.2902690595683527	12.689282249999998	51.0	41.5	67.0
PF3D7_1339900	0.007115131547795238	19.026935999999996	51.0	40.0	84.0
PF3D7_1340000	0.11143167772483249	7.814862000000001	51.0	13.0	-72.0
PF3D7_1340100	1.0	25.924622250000002	48.125	33.4375	-22.0
PF3D7_1340200	1.0	29.423121750000007	48.125	19.71875	-46.0
PF3D7_1340300	0.0012842624885035599	87.216265125	51.0	16.0	-90.0
PF3D7_1340600	7.932217418824561e-05	161.66834700000004	51.0	31.0	98.0
PF3D7_1340700	0.16453699804109032	39.8560935	51.0	46.0	70.0
PF3D7_1340800	1.0	14.903173499999998	48.125	29.9375	-32.0
PF3D7_1340900	0.23894651657040047	217.85413612500003	51.0	31.0	68.0
PF3D7_1341200	2.0695381558476795e-06	1568.7542422499998	51.0	29.5	106.0
PF3D7_1341300	0.0012842624885035599	2073.1472399999993	49.5	26.5	90.0
PF3D7_1341500	5.735652685057447e-06	1.159381125	51.0	47.5	104.0
PF3D7_1341600	0.004141795071110547	5.813567624999999	51.0	43.0	86.0
PF3D7_1341800	0.004141795071110547	2.9660325	45.0	4.75	-86.0
PF3D7_1341900	0.01943095169546062	163.41786825	51.0	35.5	80.0
PF3D7_1342000	0.002342695994481709	1654.3927548749996	51.0	22.0	-88.0
PF3D7_1342100	1.0	91.85050162499999	48.125	34.697916666666664	-8.0
PF3D7_1342300	0.03971514207656321	10.005099375	51.0	44.5	77.0
PF3D7_1342400	1.0	158.389834125	48.125	33.90625	-24.0
PF3D7_1342600	1.099815087910326e-08	79.777381875	49.5	1.75	-114.0
PF3D7_1342700	0.11143167772483249	440.7600885	51.0	17.5	-72.0
PF3D7_1342800	0.0012842624885035599	241.85695049999995	51.0	35.5	90.0
PF3D7_1342900	0.4810985075880909	7.926835499999999	48.0	19.0	-64.0
PF3D7_1343000	0.0006803297011630345	1996.86979725	47.25	5.875	-92.0
PF3D7_1343100	2.0695381558476795e-06	9.5746365	51.0	46.0	106.0
PF3D7_1343200	1.0	19.272990374999992	48.125	35.166666666666664	-10.0
PF3D7_1343300	0.11143167772483249	89.50061025	51.0	41.5	72.0
PF3D7_1343400	1.0	28.449385874999997	48.125	16.375	-52.0
PF3D7_1343500	0.0001698261780107018	22.830077625	51.0	40.75	96.0
PF3D7_1343600	0.0012842624885035599	14.282702249999998	49.5	43.75	90.0
PF3D7_1343700	0.002342695994481709	319.66936162499996	51.0	13.0	-88.0
PF3D7_1343800	1.0	3.0944737500000006	48.125	15.84375	-58.0
PF3D7_1343900	1.0	14.234286375000003	48.125	14.34375	-42.0
PF3D7_1344100	1.0	6.101677500000001	48.125	22.78125	-38.0
PF3D7_1344200	1.0	157.06946324999998	48.125	13.15625	-42.0
PF3D7_1344300	0.004141795071110547	9.693781874999999	51.0	43.0	86.0
PF3D7_1344500	0.004141795071110547	3.5281837499999993	51.0	46.0	86.0
PF3D7_1344600	0.0006803297011630345	2.8756559999999998	51.0	46.0	92.0
PF3D7_1344700	1.0	8.406667499999998	48.125	17.75	-46.0
PF3D7_1344800	0.011903316453167643	86.639656875	51.0	37.0	82.0
PF3D7_1344900	0.011903316453167643	42.74422012499999	47.25	23.875	-82.0
PF3D7_1345100	0.9151609289079528	112.412499	51.0	41.5	60.0
PF3D7_1345200	0.031003550035172057	32.478259875	51.0	38.5	78.0
PF3D7_1345300	0.16453699804109032	5.206161375000001	51.0	44.5	70.0
PF3D7_1345400	0.074149409439216	32.68748175	51.0	38.5	74.0
PF3D7_1345500	0.048426734117954354	21.466074000000003	51.0	37.0	76.0
PF3D7_1345600	3.516389639901545e-05	7.87236675	49.5	40.25	100.0
PF3D7_1345700	0.048426734117954354	137.93427450000001	51.0	38.5	76.0
PF3D7_1345800	0.34159160256630494	11.188669875000002	51.0	35.5	66.0
PF3D7_1345900	0.002342695994481709	79.084058625	51.0	38.5	88.0
PF3D7_1346100	0.6680367990420074	435.65158687500013	51.0	32.5	62.0
PF3D7_1346300	1.0	2211.171628874998	48.125	12.927083333333334	-54.0
PF3D7_1346400	1.0	28.912417125000015	48.125	14.71875	-24.0
PF3D7_1346500	0.048426734117954354	23.079830249999993	51.0	13.0	-76.0
PF3D7_1346600	0.011903316453167643	4.4011095000000005	51.0	43.0	82.0
PF3D7_1346900	0.00025844940167856834	6.704226375000001	51.0	43.0	95.0
PF3D7_1347100	0.048426734117954354	5.769800625	51.0	47.5	76.0
PF3D7_1347200	0.0001698261780107018	1712.264340375	51.0	34.0	96.0
PF3D7_1347300	1.0	2.7073301249999995	48.125	29.40625	-40.0
PF3D7_1347400	0.11143167772483249	23.261184374999996	51.0	38.5	72.0
PF3D7_1347500	1.0	997.6889508749994	48.125	12.927083333333334	-48.0
PF3D7_1347700	5.735652685057447e-06	202.4989575	51.0	8.5	-104.0
PF3D7_1348100	0.004141795071110547	1.880203125	51.0	47.5	86.0
PF3D7_1348200	0.007115131547795238	58.28223862500002	51.0	10.0	-84.0
PF3D7_1348300	1.0	5.131505250000002	48.125	22.78125	-40.0
PF3D7_1348500	0.00034707262534643487	30.766901624999996	51.0	41.5	94.0
PF3D7_1348600	3.516389639901545e-05	5.773075125	49.5	17.25	-100.0
PF3D7_1348900	0.4810985075880909	19.28467275	51.0	32.5	64.0
PF3D7_1349100	0.00034707262534643487	5.956171125	51.0	44.5	94.0
PF3D7_1349200	0.0006803297011630345	210.12059399999998	51.0	13.0	-92.0
PF3D7_1349300	1.0	11.024372250000003	48.125	19.4375	-22.0
PF3D7_1349400	1.0	48.64649550000001	48.125	17.75	-52.0
PF3D7_1349500	1.0	29.454994125	48.125	17.875	-58.0
PF3D7_1349600	0.01943095169546062	20.659865625000002	51.0	41.5	80.0
PF3D7_1349700	0.007115131547795238	26.839968	51.0	41.5	84.0
PF3D7_1349800	0.007115131547795238	46.05739575	51.0	13.0	-84.0
PF3D7_1349900	0.007115131547795238	11.5707465	51.0	44.5	84.0
PF3D7_1350100	0.074149409439216	101.80119937499992	51.0	37.0	74.0
PF3D7_1350200	0.34159160256630494	76.09250774999998	51.0	43.0	66.0
PF3D7_1350300	0.0012842624885035599	36.023935124999994	51.0	11.5	-90.0
PF3D7_1350500	0.23894651657040047	17.867055375000007	45.0	11.5	-68.0
PF3D7_1350700	0.074149409439216	30.174895125	51.0	43.0	74.0
PF3D7_1350900	0.11143167772483249	13.255722375000001	47.25	21.25	-72.0
PF3D7_1351000	0.011903316453167643	74.34360562500001	47.25	17.875	-82.0
PF3D7_1351100	1.0	108.91604025000004	48.125	30.90625	-26.0
PF3D7_1351200	0.16453699804109032	17.902334250000003	51.0	43.0	70.0
PF3D7_1351400	6.804813352432401e-07	3956.9326556250007	45.0	25.0	108.0
PF3D7_1351700	1.46918915520106e-05	26.100847875	49.5	17.25	-102.0
PF3D7_1351800.1	0.11143167772483249	52.214876624999995	51.0	16.0	-72.0
PF3D7_1351800.2	1.0	13.285983000000005	48.125	24.21875	-48.0
PF3D7_1351900	1.0	43.627657875	48.125	14.34375	-50.0
PF3D7_1352000	0.16453699804109032	11.137699875	51.0	34.0	70.0
PF3D7_1352100	1.0	6.089299125000006	48.125	34.697916666666664	-6.0
PF3D7_1352200	0.0001698261780107018	74.96577525	51.0	13.0	-96.0
PF3D7_1352400	1.0	8.393449500000004	48.125	30.375	-28.0
PF3D7_1352500	1.0	524.895927	48.125	34.697916666666664	-8.0
PF3D7_1352700	0.074149409439216	18.040452375	51.0	14.5	-74.0
PF3D7_1352800	1.0	6.733910999999997	48.125	33.90625	-16.0
PF3D7_1352900	1.46918915520106e-05	121.78176862499998	51.0	8.5	-102.0
PF3D7_1353000	0.9151609289079528	173.4934575	45.0	10.75	-60.0
PF3D7_1353100	7.932217418824561e-05	631.3080780000001	51.0	19.0	-98.0
PF3D7_1353200	5.735652685057447e-06	8276.222859	51.0	16.0	-104.0
PF3D7_1353300	0.16453699804109032	21.026114625000005	51.0	35.5	70.0
PF3D7_1353400	0.01943095169546062	35.190811124999996	51.0	16.0	-80.0
PF3D7_1353500	0.048426734117954354	9.55992	51.0	43.0	76.0
PF3D7_1353600	1.0	88.97811787500001	48.125	34.697916666666664	-6.0
PF3D7_1353700	2.0695381558476795e-06	181.76282775	51.0	34.0	106.0
PF3D7_1353800	0.16453699804109032	305.82961350000005	51.0	38.5	70.0
PF3D7_1353900	0.074149409439216	314.85216037500004	51.0	38.5	74.0
PF3D7_1354200	0.6680367990420074	16.455829875	51.0	35.5	62.0
PF3D7_1354300	0.01943095169546062	184.60236787499994	51.0	13.0	-80.0
PF3D7_1354400	0.0001698261780107018	141.72075712500012	45.0	23.5	96.0
PF3D7_1354500	2.0008650961031914e-07	244.92768412499996	51.0	31.0	110.0
PF3D7_1354600	0.00034707262534643487	24.368185875	51.0	14.5	-94.0
PF3D7_1354800	0.007115131547795238	14.818133250000002	45.0	16.75	-84.0
PF3D7_1354900	1.0	18.382666125000007	48.125	12.927083333333334	-58.0
PF3D7_1355100	7.932217418824561e-05	125.21057774999998	51.0	43.0	98.0
PF3D7_1355300	0.048426734117954354	25.273138874999994	51.0	13.0	-76.0
PF3D7_1355500	1.0	22.02020625	48.125	17.40625	-36.0
PF3D7_1355700	0.6680367990420074	41.41090949999999	51.0	10.0	-62.0
PF3D7_1355800	0.16453699804109032	110.72850450000001	51.0	5.5	-70.0
PF3D7_1355900	1.0	37.435994625000006	48.125	28.9375	-36.0
PF3D7_1356100	7.932217418824561e-05	7.348433249999999	51.0	47.5	98.0
PF3D7_1356200	2.0695381558476795e-06	147.46565062500008	51.0	34.0	106.0
PF3D7_1356300	5.735652685057447e-06	56.29401974999999	51.0	44.5	104.0
PF3D7_1356400	0.002342695994481709	9.26362575	51.0	41.5	88.0
PF3D7_1356600	1.0	30.164345625	48.125	34.46875	-24.0
PF3D7_1356700	0.004141795071110547	26.96188875	51.0	31.0	86.0
PF3D7_1356800	0.004141795071110547	3.6160893749999996	45.0	4.0	-86.0
PF3D7_1356900	0.004141795071110547	56.39116725000001	45.0	4.75	-86.0
PF3D7_1357000	0.01943095169546062	4425.236326874998	49.5	28.0	80.0
PF3D7_1357100	0.002342695994481709	4608.019044374998	51.0	31.0	88.0
PF3D7_1357200	3.516389639901545e-05	27.332264625	51.0	43.0	100.0
PF3D7_1357400	0.007115131547795238	29.555413875	51.0	41.5	84.0
PF3D7_1357500	0.4810985075880909	8.115200250000001	51.0	38.5	64.0
PF3D7_1357600	0.01943095169546062	11.907939375000002	51.0	42.25	80.0
PF3D7_1357700	0.007115131547795238	60.129465374999995	51.0	16.0	-84.0
PF3D7_1357800	0.11143167772483249	229.18912424999985	51.0	19.0	-72.0
PF3D7_1357900	6.804813352432401e-07	333.32329200000004	51.0	32.5	108.0
PF3D7_1358000	0.0006803297011630345	2.5736999999999997	49.5	40.25	92.0
PF3D7_1358100	0.0012842624885035599	158.9535495	51.0	13.0	-90.0
PF3D7_1358200	0.00034707262534643487	25.028673374999997	49.5	11.5	-94.0
PF3D7_1358400	0.0006803297011630345	2.5936968749999996	49.5	40.25	92.0
PF3D7_1358500	1.0	19.846930875	48.125	24.75	-48.0
PF3D7_1358700	0.0012842624885035599	437.801952	45.0	13.75	-90.0
PF3D7_1358800	3.516389639901545e-05	2319.106752375	49.5	28.0	100.0
PF3D7_1358900	1.0	43.918767375	48.125	24.28125	-58.0
PF3D7_1359000	0.007115131547795238	17.063108624999998	51.0	13.0	-84.0
PF3D7_1359100	1.0	9.865424625000003	48.125	12.927083333333334	-58.0
PF3D7_1359200	0.048426734117954354	69.44414925	51.0	43.0	76.0
PF3D7_1359300	0.34159160256630494	13.830178874999984	51.0	16.0	-66.0
PF3D7_1359400	0.002342695994481709	607.252534125	51.0	14.5	-88.0
PF3D7_1359600	0.074149409439216	102.40175100000002	51.0	43.0	74.0
PF3D7_1359800	1.0	3.1194532500000003	48.125	34.3125	-14.0
PF3D7_1359900	5.735652685057447e-06	82.19077687500001	45.0	13.0	-104.0
PF3D7_1360000	0.048426734117954354	33.097037625	51.0	41.5	76.0
PF3D7_1360100	1.0	38.8430355	48.125	22.46875	-48.0
PF3D7_1360200	0.031003550035172057	114.74446462499999	51.0	35.5	78.0
PF3D7_1360400	0.031003550035172057	9.429274125	51.0	31.0	78.0
PF3D7_1360700	0.031003550035172057	34.86542849999999	49.5	3.25	-78.0
PF3D7_1360800	0.9151609289079528	146.83505400000004	51.0	34.0	60.0
PF3D7_1360900.1	0.00034707262534643487	306.67319137500004	51.0	41.5	94.0
PF3D7_1361000	0.004141795071110547	13.099305750000001	49.5	26.5	86.0
PF3D7_1361100	5.735652685057447e-06	350.333158875	51.0	8.5	-104.0
PF3D7_1361200	0.00034707262534643487	38.86791599999998	46.0	12.0	-94.0
PF3D7_1361400	7.932217418824561e-05	8.430753	51.0	47.5	98.0
PF3D7_1361500.1	5.735652685057447e-06	18.86628225	49.5	40.25	104.0
PF3D7_1361600	0.0012842624885035599	17.693089875	51.0	43.75	90.0
PF3D7_1361700	0.0006803297011630345	37.964085749999995	51.0	43.0	92.0
PF3D7_1361800	7.932217418824561e-05	28.638096000000004	45.0	4.0	-98.0
PF3D7_1361900	0.0012842624885035599	442.15824224999994	51.0	41.5	90.0
PF3D7_1362000	0.0006803297011630345	27.1342035	51.0	44.5	92.0
PF3D7_1362200	0.01943095169546062	56.19330524999998	51.0	31.0	80.0
PF3D7_1362300	0.11143167772483249	45.10552087500001	51.0	34.0	72.0
PF3D7_1362400	0.01943095169546062	30.630251624999993	45.0	13.0	-80.0
PF3D7_1362700	0.16453699804109032	13.631020499999998	51.0	44.5	70.0
PF3D7_1362800	5.735652685057447e-06	2.15410575	51.0	47.5	104.0
PF3D7_1363300	1.0	11.652645749999998	48.125	30.4375	-26.0
PF3D7_1363400	1.0	23.299343625000002	48.125	15.21875	-44.0
PF3D7_1363500	0.11143167772483249	6.86906325	51.0	38.5	72.0
PF3D7_1363600	0.01943095169546062	19.044162749999998	51.0	43.0	80.0
PF3D7_1363700	0.0006803297011630345	11.206636875000001	51.0	43.0	92.0
PF3D7_1364000	1.0	13.212785250000005	48.125	16.875	-42.0
PF3D7_1364100	5.735652685057447e-06	9.671708625	51.0	43.0	104.0
PF3D7_1364200	0.0006803297011630345	45.656942624999985	51.0	8.5	-92.0
PF3D7_1364300	0.0006803297011630345	55.61911612499999	51.0	13.0	-92.0
PF3D7_1364400	1.0	4.030433624999999	48.125	19.3125	-22.0
PF3D7_1364500	1.0	15.174351749999996	48.125	31.46875	-6.0
PF3D7_1364600	0.031003550035172057	8.1292845	51.0	46.0	78.0
PF3D7_1364800	0.01943095169546062	433.46436975	51.0	13.0	-80.0
PF3D7_1365000	1.0	18.020776499999997	48.125	15.375	-56.0
PF3D7_1365100	0.0012842624885035599	54.938270249999995	51.0	34.0	90.0
PF3D7_1365200	0.09279054358202424	303.70934850000003	51.0	35.5	73.0
PF3D7_1365300	0.031003550035172057	20.977583625	49.5	9.25	-78.0
PF3D7_1365400	0.0012842624885035599	15.313451624999999	45.0	22.0	-90.0
PF3D7_1365500	0.23894651657040047	56.73449174999999	51.0	37.0	68.0
PF3D7_1365600	0.074149409439216	0.8154596249999999	51.0	43.0	74.0
PF3D7_1365700	1.0	17.93353274999998	48.125	32.40625	-30.0
PF3D7_1365800	0.4810985075880909	77.855484375	51.0	44.5	64.0
PF3D7_1365900	0.00034707262534643487	2841.713994	51.0	31.0	94.0
PF3D7_1366000	0.23894651657040047	51.47898975	51.0	32.5	68.0
PF3D7_1366100	1.0	34.694028	48.125	30.90625	-22.0
PF3D7_1366200	0.0006803297011630345	43.254096000000004	51.0	43.0	92.0
PF3D7_1366300	0.011903316453167643	20.940020625000024	49.5	28.0	82.0
PF3D7_1366400	1.0	31.130710125000004	48.125	20.9375	-54.0
PF3D7_1366500	0.011903316453167643	373.06702125000004	51.0	43.0	82.0
PF3D7_1366600	1.0	48.01732050000001	48.125	15.84375	-48.0
PF3D7_1366800	0.007115131547795238	118.964813625	51.0	32.5	84.0
PF3D7_1366900	0.00034707262534643487	320.2558983750001	45.0	16.0	-94.0
PF3D7_1367000	0.34159160256630494	359.523956625	51.0	43.0	66.0
PF3D7_1367100	0.23894651657040047	77.19676499999998	51.0	13.0	-68.0
PF3D7_1367400	0.11143167772483249	34.111486875	51.0	13.0	-72.0
PF3D7_1367500	0.004141795071110547	15.030372000000003	51.0	44.5	86.0
PF3D7_1367600	0.34159160256630494	60.46027612499995	49.5	26.5	66.0
PF3D7_1367700	0.031003550035172057	119.20542787500003	51.0	14.5	-78.0
PF3D7_1368000	1.0	2.685786375	48.125	32.40625	-22.0
PF3D7_1368100	0.11143167772483249	155.2197825	51.0	38.5	72.0
PF3D7_1368200	0.002342695994481709	63.41174324999996	51.0	31.0	88.0
PF3D7_1368300	1.0	11.923993499999998	48.125	16.875	-38.0
PF3D7_1368400	1.0	16.28855625	48.125	30.0	-10.0
PF3D7_1368600	7.932217418824561e-05	131.64821175000003	51.0	32.5	98.0
PF3D7_1368700	0.048426734117954354	33.77453475	51.0	38.5	76.0
PF3D7_1368800	0.007115131547795238	6.43881	51.0	43.0	84.0
PF3D7_1368900	0.9151609289079528	40.662138	51.0	44.5	60.0
PF3D7_1369000	0.002342695994481709	12.215784374999998	45.0	4.75	-88.0
PF3D7_1369200	1.0	10.278955875000001	48.125	13.15625	-58.0
PF3D7_1369500	0.048426734117954354	46.3417125	51.0	16.0	-76.0
PF3D7_1369600	0.01943095169546062	15.967270875	51.0	38.5	80.0
PF3D7_1369700	0.002342695994481709	35.780193749999995	51.0	10.0	-88.0
PF3D7_1370300	6.804813352432401e-07	5416.230117375	51.0	19.0	-108.0
PF3D7_1371600	0.0001698261780107018	7.919012625000001	45.0	4.0	-96.0
PF3D7_1371700	3.516389639901545e-05	11.470608374999998	51.0	46.0	100.0
PF3D7_1371800	0.00034707262534643487	101.201926125	51.0	37.0	94.0
PF3D7_1371900	3.516389639901545e-05	44.643867375	51.0	38.5	100.0
PF3D7_1372000	6.804813352432401e-07	300.79075575	48.0	23.5	-108.0
PF3D7_1372200	2.0008650961031914e-07	5492.169895875	51.0	20.5	-110.0
PF3D7_1372300	0.16453699804109032	495.35969662499997	51.0	13.0	-70.0
PF3D7_1372400	0.11143167772483249	6.306285749999999	51.0	47.5	72.0
PF3D7_1400100	0.0012842624885035599	15.170779875000001	51.0	41.5	90.0
PF3D7_1400200	0.00034707262534643487	32.898098250000004	51.0	14.5	-94.0
PF3D7_1401100	0.011903316453167643	81.291070875	51.0	13.0	-82.0
PF3D7_1401200	0.0012842624885035599	36.95864325	51.0	37.0	90.0
PF3D7_1401300	0.0006803297011630345	51.20608649999999	51.0	31.0	92.0
PF3D7_1401400	0.048426734117954354	35734.011578625	51.0	14.5	-76.0
PF3D7_1401500	1.46918915520106e-05	163.940161875	51.0	29.5	102.0
PF3D7_1401600	0.34159160256630494	129.889905375	45.0	15.25	-66.0
PF3D7_1401800	0.031003550035172057	104.74152300000002	51.0	38.5	78.0
PF3D7_1402000	0.01943095169546062	28.01589525	51.0	38.5	80.0
PF3D7_1402200	1.46918915520106e-05	35.48541	51.0	44.5	102.0
PF3D7_1402300	1.0	16.382602124999977	48.125	32.40625	-32.0
PF3D7_1402400	1.0	4.935507000000003	48.125	34.84375	-2.0
PF3D7_1402500	0.11143167772483249	826.819624875	51.0	32.5	72.0
PF3D7_1402700	0.048426734117954354	108.2172045	51.0	22.0	-76.0
PF3D7_1402800	0.074149409439216	57.381448500000005	45.0	22.75	-74.0
PF3D7_1403100	7.932217418824561e-05	31.382450250000005	51.0	41.5	98.0
PF3D7_1403400	0.00034707262534643487	10.681732874999998	51.0	41.5	94.0
PF3D7_1403500	0.031003550035172057	1.735963875	51.0	47.5	78.0
PF3D7_1403600	0.01943095169546062	18.115378874999998	51.0	44.5	80.0
PF3D7_1403900	1.46918915520106e-05	303.45605475	51.0	35.5	102.0
PF3D7_1404000	0.00034707262534643487	42.035202749999996	51.0	34.0	94.0
PF3D7_1404100	0.0012842624885035599	311.49893662500006	51.0	37.0	90.0
PF3D7_1404200	0.048426734117954354	22.020260624999995	51.0	31.0	76.0
PF3D7_1404300	0.00034707262534643487	0.7388261250000001	51.0	44.5	94.0
PF3D7_1404400	1.46918915520106e-05	46.117565625	51.0	43.0	102.0
PF3D7_1404500	0.00034707262534643487	24.755206500000018	49.5	13.0	-94.0
PF3D7_1404800	0.11143167772483249	461.10470325000006	51.0	13.0	-72.0
PF3D7_1404900	0.23894651657040047	129.4940835	51.0	4.0	-68.0
PF3D7_1405000	0.16453699804109032	11.30757075	45.0	4.0	-70.0
PF3D7_1405100	0.23894651657040047	24.44647012500001	51.0	32.5	68.0
PF3D7_1405200	1.0	10.883442374999996	48.125	30.90625	-30.0
PF3D7_1405300	0.6680367990420074	6.102055875	51.0	38.5	62.0
PF3D7_1405500	0.011903316453167643	10.204825875000001	51.0	22.0	-82.0
PF3D7_1405600	7.932217418824561e-05	180.85943662500003	51.0	43.0	98.0
PF3D7_1405700	1.0	12.38180475	48.125	32.40625	-34.0
PF3D7_1405800	0.048426734117954354	93.01006687499999	51.0	13.0	-76.0
PF3D7_1405900	0.0006803297011630345	76.435945875	51.0	13.0	-92.0
PF3D7_1406000	0.031003550035172057	305.597434875	51.0	38.5	78.0
PF3D7_1406200	0.0001698261780107018	87.13574212500001	51.0	14.5	-96.0
PF3D7_1406300	0.9151609289079528	39.05814075	49.5	40.25	60.0
PF3D7_1406400	3.516389639901545e-05	5.058528750000001	51.0	43.0	100.0
PF3D7_1406600	0.011903316453167643	25.570455000000003	51.0	38.5	82.0
PF3D7_1406700	0.01943095169546062	99.7531185	51.0	43.0	80.0
PF3D7_1406800	2.0695381558476795e-06	62.717460749999994	49.5	17.25	-106.0
PF3D7_1407100	0.004141795071110547	870.5190224999998	51.0	13.0	-86.0
PF3D7_1407200	0.031003550035172057	23.36848425	51.0	43.0	78.0
PF3D7_1407300	0.011903316453167643	72.042233625	51.0	11.5	-82.0
PF3D7_1407400	0.11143167772483249	17.162326499999995	49.5	40.25	72.0
PF3D7_1407500	0.9151609289079528	36.68300662500002	51.0	29.5	60.0
PF3D7_1407800	1.0	486.39982762499994	48.125	14.1875	-34.0
PF3D7_1407900	0.16453699804109032	779.92574325	51.0	13.0	-70.0
PF3D7_1408000	0.004141795071110547	608.8801305000001	51.0	34.0	86.0
PF3D7_1408100	0.002342695994481709	443.23405237500015	51.0	32.5	88.0
PF3D7_1408200	0.004141795071110547	117.30668925	51.0	16.0	-86.0
PF3D7_1408400	0.34159160256630494	35.21686199999999	51.0	43.0	66.0
PF3D7_1408500	0.031003550035172057	50.15089462500001	51.0	14.5	-78.0
PF3D7_1408600	0.007115131547795238	2494.747144875001	51.0	29.5	84.0
PF3D7_1408700	0.031003550035172057	43.07885325	45.0	13.75	-78.0
PF3D7_1408900	0.4810985075880909	16.329096750000005	51.0	29.5	64.0
PF3D7_1409000	1.0	6.6476595	48.125	25.3125	-24.0
PF3D7_1409100	0.34159160256630494	17.223558	51.0	44.5	66.0
PF3D7_1409200.1	0.004141795071110547	17.90884725	51.0	41.5	86.0
PF3D7_1409200.2	0.16453699804109032	9.21139275	51.0	45.25	70.0
PF3D7_1409300	0.004141795071110547	28.523858250000004	51.0	38.5	86.0
PF3D7_1409400	5.735652685057447e-06	53.72616787500001	51.0	47.5	104.0
PF3D7_1409600	1.0	24.53445299999999	48.125	18.90625	-50.0
PF3D7_1409800	7.932217418824561e-05	124.58063175	51.0	38.5	98.0
PF3D7_1409900	0.048426734117954354	110.426674125	51.0	35.5	76.0
PF3D7_1410000	0.00034707262534643487	58.134315	51.0	14.5	-94.0
PF3D7_1410200	0.11143167772483249	166.22597437499996	51.0	22.0	-72.0
PF3D7_1410300	1.0	15.635638875	48.125	18.375	-56.0
PF3D7_1410400	1.46918915520106e-05	54.534127125	49.5	17.25	-102.0
PF3D7_1410500	0.34159160256630494	63.43082924999999	51.0	41.5	66.0
PF3D7_1410600	0.007115131547795238	554.0284316249999	51.0	17.5	-84.0
PF3D7_1410700	0.0006803297011630345	16.647769500000003	51.0	44.5	92.0
PF3D7_1410800	1.46918915520106e-05	10.185531749999999	49.5	40.25	102.0
PF3D7_1410900	0.23894651657040047	25.222962000000003	45.0	12.25	-68.0
PF3D7_1411000.1	0.02521725086531634	4.808739	51.0	4.0	-79.0
PF3D7_1411100.1	1.0	6.375565125000004	48.125	17.40625	-44.0
PF3D7_1411200	5.735652685057447e-06	164.350600875	51.0	13.0	-104.0
PF3D7_1411300	1.0	5.6242627500000015	48.125	34.875	-10.0
PF3D7_1411400	0.0006803297011630345	10.842867375	49.5	43.75	92.0
PF3D7_1411500	0.0006803297011630345	33.52376925	51.0	13.0	-92.0
PF3D7_1411600	0.007115131547795238	16.754126624999998	51.0	41.5	84.0
PF3D7_1411700	1.0	7.081348500000002	48.125	28.9375	-38.0
PF3D7_1411800	0.0012842624885035599	8.608028999999998	48.0	4.0	-90.0
PF3D7_1411900	1.0	145.475383125	48.125	13.427083333333334	-56.0
PF3D7_1412000	0.01943095169546062	4.9099312500000005	49.5	40.25	80.0
PF3D7_1412100	7.932217418824561e-05	26.767773	51.0	44.5	98.0
PF3D7_1412200	1.0	7.266999749999998	48.125	19.375	-52.0
PF3D7_1412300	0.048426734117954354	421.7508086250001	51.0	43.0	76.0
PF3D7_1412400	0.34159160256630494	23.733241875	45.0	14.5	-66.0
PF3D7_1412500	0.0006803297011630345	395.41501537500005	51.0	22.0	-92.0
PF3D7_1412600	0.9151609289079528	48.52976325	51.0	20.5	-60.0
PF3D7_1412700	0.011903316453167643	14.468694750000004	51.0	32.5	82.0
PF3D7_1412800	1.46918915520106e-05	360.70103212500004	45.0	12.25	-102.0
PF3D7_1412900.1	0.031003550035172057	272.62096537499997	45.0	13.75	-78.0
PF3D7_1413400	0.0006803297011630345	18.173562375000003	51.0	41.5	92.0
PF3D7_1413500	0.0001698261780107018	32.723413125	51.0	43.0	96.0
PF3D7_1413700	5.735652685057447e-06	11.603551125000003	49.5	17.25	-104.0
PF3D7_1413800	0.011903316453167643	59.390988375000006	51.0	19.0	-82.0
PF3D7_1413900	1.0	32.405562374999974	48.125	24.28125	-46.0
PF3D7_1414000	0.0006803297011630345	97.65453374999997	51.0	44.5	92.0
PF3D7_1414100	0.007115131547795238	39.43172362499999	51.0	11.5	-84.0
PF3D7_1414200	0.031003550035172057	12.770818875000003	45.0	10.0	-78.0
PF3D7_1414300	3.516389639901545e-05	2598.112391625	51.0	29.5	100.0
PF3D7_1414400	0.0006803297011630345	373.58919149999997	51.0	41.5	92.0
PF3D7_1414500	0.4810985075880909	38.149759499999995	45.0	13.75	-64.0
PF3D7_1414600	0.0001698261780107018	65.7498675	51.0	13.0	-96.0
PF3D7_1414700	0.00034707262534643487	44.24838375	51.0	13.0	-94.0
PF3D7_1414800	1.0	95.69190937500002	48.125	34.375	-12.0
PF3D7_1415000	0.0012842624885035599	18.280400999999998	51.0	44.5	90.0
PF3D7_1415100	3.516389639901545e-05	1.6906976249999999	49.5	40.25	100.0
PF3D7_1415200	0.34159160256630494	116.66642212499995	50.0	27.5	66.0
PF3D7_1415300	0.0006803297011630345	141.53826974999998	51.0	41.5	92.0
PF3D7_1415400	0.01943095169546062	89.78312400000002	51.0	37.0	80.0
PF3D7_1415600	0.4810985075880909	19.103874750000003	51.0	32.5	64.0
PF3D7_1415700	1.0	2.3353841249999996	48.125	18.90625	-38.0
PF3D7_1415800	1.0	21.600870749999995	48.125	34.875	-2.0
PF3D7_1415900	0.34159160256630494	60.34554187500002	51.0	17.5	-66.0
PF3D7_1416100	0.00034707262534643487	62.20493287499998	49.5	7.75	-94.0
PF3D7_1416200	0.0001698261780107018	2.7937185	51.0	46.0	96.0
PF3D7_1416300	0.007115131547795238	25.66329375	51.0	38.5	84.0
PF3D7_1416500	0.031003550035172057	94.623654375	45.0	29.5	78.0
PF3D7_1416800	0.011903316453167643	25.712202375000004	51.0	40.0	82.0
PF3D7_1416900	0.00034707262534643487	657.9776865	51.0	37.0	94.0
PF3D7_1417100	0.004141795071110547	19.876867875000002	51.0	43.0	86.0
PF3D7_1417200	7.932217418824561e-05	56.63296725000001	51.0	11.5	-98.0
PF3D7_1417300	0.0006803297011630345	0.7913385	49.5	17.25	-92.0
PF3D7_1417400	0.0006803297011630345	1.5540007500000002	45.0	4.0	-92.0
PF3D7_1417500	0.4810985075880909	86.80299450000004	51.0	17.5	-64.0
PF3D7_1417600	0.0006803297011630345	41.903367	51.0	13.0	-92.0
PF3D7_1417700	0.23894651657040047	130.52682862499995	51.0	43.0	68.0
PF3D7_1417800	0.074149409439216	123.88145625	51.0	43.0	74.0
PF3D7_1417900	0.015667134074314134	109.59273900000002	51.0	43.0	81.0
PF3D7_1418000	1.0	18.39892762500002	48.125	33.90625	-16.0
PF3D7_1418200	1.0	18.594390000000004	48.125	33.90625	-23.0
PF3D7_1418300	0.2902690595683527	72.17730337500001	51.0	37.0	67.0
PF3D7_1418900	0.01943095169546062	63.97865137500001	51.0	13.0	-80.0
PF3D7_1419000	0.002342695994481709	9.98148825	51.0	46.0	88.0
PF3D7_1419100	0.0006803297011630345	28.51530375	51.0	13.0	-92.0
PF3D7_1419200	0.048426734117954354	38.454889875	51.0	43.0	76.0
PF3D7_1419300	1.0	37.94842875	48.125	24.53125	-24.0
PF3D7_1419400	0.0012842624885035599	28.7954235	51.0	13.0	-90.0
PF3D7_1419600	1.0	28.265011500000004	48.125	20.40625	-22.0
PF3D7_1419700	0.01943095169546062	159.93313912500003	51.0	13.0	-80.0
PF3D7_1419800.2	2.0695381558476795e-06	159.121207125	51.0	41.5	106.0
PF3D7_1419900	0.0012842624885035599	19.282605750000005	51.0	13.0	-90.0
PF3D7_1420000	0.011903316453167643	233.78539650000005	51.0	16.0	-82.0
PF3D7_1420200	0.011903316453167643	1.8643319999999997	45.0	4.0	-82.0
PF3D7_1420300	0.0012842624885035599	35.821761375	51.0	13.0	-90.0
PF3D7_1420400	0.34159160256630494	76.55967675	51.0	14.5	-66.0
PF3D7_1420600	0.002342695994481709	78.047935875	51.0	41.5	88.0
PF3D7_1420700	1.0	468.00108562500003	48.125	17.1875	-46.0
PF3D7_1420900	0.00034707262534643487	22.19801175	51.0	44.5	94.0
PF3D7_1421000	1.0	15.666614999999997	48.125	26.40625	-24.0
PF3D7_1421100	3.516389639901545e-05	28.793754	51.0	5.5	-100.0
PF3D7_1421200	6.804813352432401e-07	2999.466633375	51.0	32.5	108.0
PF3D7_1421400	0.0001698261780107018	58.27436999999998	51.0	29.5	96.0
PF3D7_1421500	1.0	19.907758874999992	48.125	33.90625	-18.0
PF3D7_1421600	0.048426734117954354	25.8082215	51.0	34.0	76.0
PF3D7_1421900	1.46918915520106e-05	90.122175	51.0	44.5	102.0
PF3D7_1422000	0.00034707262534643487	44.247097125	51.0	43.0	94.0
PF3D7_1422100	0.00034707262534643487	24.182380499999997	51.0	44.5	94.0
PF3D7_1422200	1.0	4.685368125	48.125	30.90625	-28.0
PF3D7_1422300	1.0	6.517051875	48.125	14.34375	-36.0
PF3D7_1422400	0.01943095169546062	21.732553499999998	51.0	16.0	-80.0
PF3D7_1422500	7.932217418824561e-05	10.136615625	51.0	43.0	98.0
PF3D7_1422600	7.932217418824561e-05	12.752916375000002	51.0	44.5	98.0
PF3D7_1422700	0.074149409439216	21.27677100000001	51.0	32.5	74.0
PF3D7_1422800	1.0	6.125440875000004	48.125	15.21875	-22.0
PF3D7_1423000	0.031003550035172057	134.69921887499996	51.0	14.5	-78.0
PF3D7_1423100	0.031003550035172057	4.3578153749999995	49.5	40.25	78.0
PF3D7_1423200	0.074149409439216	31.95418612499999	51.0	37.0	74.0
PF3D7_1423300	3.516389639901545e-05	17.98163625	51.0	47.5	100.0
PF3D7_1423600	1.46918915520106e-05	267.34902975	51.0	34.0	102.0
PF3D7_1423700	1.0	48.90734624999999	48.125	19.71875	-50.0
PF3D7_1423800	0.0006803297011630345	23.974243875000003	46.0	12.0	-92.0
PF3D7_1424100	0.00034707262534643487	1887.681833625	49.5	28.0	94.0
PF3D7_1424400	1.46918915520106e-05	1405.8949511249998	51.0	31.0	102.0
PF3D7_1425200	0.009509224000481441	12.8859795	51.0	40.0	83.0
PF3D7_1425300	2.0695381558476795e-06	25.196821875000005	51.0	46.0	106.0
PF3D7_1425400	5.735652685057447e-06	13.222522125	51.0	44.5	104.0
PF3D7_1425700	0.6680367990420074	24.204444375	51.0	32.5	62.0
PF3D7_1425800	0.01943095169546062	4.095582374999999	51.0	41.5	80.0
PF3D7_1425900	0.0001698261780107018	66.49231950000001	47.25	23.875	-96.0
PF3D7_1426000	0.0006803297011630345	3016.8434235	51.0	32.5	92.0
PF3D7_1426100	0.0006803297011630345	831.2005338749998	51.0	29.5	92.0
PF3D7_1426200	0.11143167772483249	222.0647381249999	51.0	34.0	72.0
PF3D7_1426300	0.16453699804109032	0.32570962499999995	51.0	46.0	70.0
PF3D7_1426700	1.0	50.76923024999999	48.125	16.375	-56.0
PF3D7_1426800	0.0006803297011630345	46.767973874999996	51.0	13.0	-92.0
PF3D7_1426900	0.011903316453167643	141.158428875	51.0	43.0	82.0
PF3D7_1427000	0.0006803297011630345	9.146519625	51.0	43.0	92.0
PF3D7_1427100	0.048426734117954354	339.95480699999996	51.0	13.0	-76.0
PF3D7_1427200	0.002342695994481709	59.436460125	45.0	7.0	-88.0
PF3D7_1427300	0.0006803297011630345	6.492582375	51.0	46.0	92.0
PF3D7_1427500	0.23894651657040047	22.216752	51.0	40.0	68.0
PF3D7_1427600	0.01943095169546062	21.05739525	51.0	38.5	80.0
PF3D7_1427700	0.02521725086531634	32.645067749999995	51.0	44.5	79.0
PF3D7_1427800	1.0	14.402537250000002	48.125	28.25	-34.0
PF3D7_1427900	0.048426734117954354	695.988132	51.0	38.5	76.0
PF3D7_1428100	1.0	5.702614874999999	48.125	35.166666666666664	-14.0
PF3D7_1428200	1.46918915520106e-05	59.31026662500001	45.0	16.0	-102.0
PF3D7_1428300	1.0	74.23104075000003	48.125	33.28125	-14.0
PF3D7_1428500	5.735652685057447e-06	33.439719	49.5	9.25	-104.0
PF3D7_1428600	5.735652685057447e-06	45.5187045	51.0	41.5	104.0
PF3D7_1428700	0.16453699804109032	32.62617862500001	51.0	32.5	70.0
PF3D7_1428800.2	1.0	11.465272875	48.125	32.40625	-30.0
PF3D7_1428900	0.23894651657040047	15.328522499999998	51.0	38.5	68.0
PF3D7_1429000	0.011903316453167643	28.25565825	51.0	32.5	82.0
PF3D7_1429100	0.074149409439216	36.575856	51.0	38.5	74.0
PF3D7_1429300	0.16453699804109032	7.50291075	49.5	28.0	70.0
PF3D7_1429400	0.002342695994481709	13.089561374999999	51.0	22.0	-88.0
PF3D7_1429500	0.074149409439216	15.345945000000002	51.0	16.0	-74.0
PF3D7_1429600	0.11143167772483249	21.191665874999998	51.0	43.0	72.0
PF3D7_1429700	1.0	64.35905625	48.125	32.40625	-36.0
PF3D7_1429800	0.16453699804109032	38.66586374999998	45.0	13.0	-70.0
PF3D7_1429900	0.4810985075880909	9.951648749999999	51.0	46.0	64.0
PF3D7_1430000	0.011903316453167643	13.092016874999995	51.0	35.5	82.0
PF3D7_1430100	0.007115131547795238	23.931552749999998	51.0	41.5	84.0
PF3D7_1430200	2.0695381558476795e-06	10.613056875000002	45.0	4.0	-106.0
PF3D7_1430300	1.0	31.988418749999997	48.125	16.875	-52.0
PF3D7_1430600	0.00034707262534643487	8.414133374999999	51.0	41.5	94.0
PF3D7_1430700	0.01943095169546062	30.305840625	51.0	41.5	80.0
PF3D7_1430900	0.002342695994481709	37.902325125000004	51.0	44.5	88.0
PF3D7_1431000	0.002342695994481709	49.131208875	51.0	43.0	88.0
PF3D7_1431200	0.0012842624885035599	60.86360775	51.0	13.0	-90.0
PF3D7_1431300	0.074149409439216	89.478356625	51.0	14.5	-74.0
PF3D7_1431400	0.00034707262534643487	8.4389775	45.0	4.0	-94.0
PF3D7_1431500	0.007115131547795238	64.47680175	51.0	41.5	84.0
PF3D7_1431600	7.932217418824561e-05	26.475894375	51.0	41.5	98.0
PF3D7_1431700	2.0008650961031914e-07	1567.0919876250005	51.0	29.5	110.0
PF3D7_1431900	0.007115131547795238	0.413473875	49.5	17.25	-84.0
PF3D7_1432000	0.34159160256630494	16.496778375	51.0	38.5	66.0
PF3D7_1432100	0.9151609289079528	95.28793500000002	51.0	34.0	60.0
PF3D7_1432200	0.048426734117954354	0.654616125	51.0	43.0	76.0
PF3D7_1432500	0.031003550035172057	36.73443487500001	51.0	22.0	-78.0
PF3D7_1432700	0.002342695994481709	69.733505625	51.0	43.0	88.0
PF3D7_1432800	0.074149409439216	26.016240375000002	51.0	37.0	74.0
PF3D7_1432900	0.23894651657040047	23.103788249999994	45.0	11.5	-68.0
PF3D7_1433000	1.0	282.4328085	48.125	34.697916666666664	-10.0
PF3D7_1433100	1.0	6.7434558749999995	48.125	30.4375	-20.0
PF3D7_1433300	0.9151609289079528	32.245418625	51.0	32.5	60.0
PF3D7_1433400	0.11143167772483249	33.91597125	51.0	37.0	72.0
PF3D7_1433500	6.804813352432401e-07	299.65725299999997	51.0	10.0	-108.0
PF3D7_1433600	0.0001698261780107018	135.78498975	51.0	43.0	96.0
PF3D7_1433800	0.004141795071110547	3.9127185	51.0	41.5	86.0
PF3D7_1434000	1.0	30.181613250000005	48.125	34.46875	-20.0
PF3D7_1434100	0.011903316453167643	13.573155	49.5	26.5	82.0
PF3D7_1434200	1.0	317.9346885000001	48.125	30.4375	-32.0
PF3D7_1434300	0.031003550035172057	123.41057737500005	51.0	34.0	78.0
PF3D7_1434400	1.46918915520106e-05	10.617186375	49.5	17.25	-102.0
PF3D7_1434500	0.074149409439216	24.024117749999995	51.0	19.0	-74.0
PF3D7_1434600	0.11143167772483249	142.87499475	51.0	13.0	-72.0
PF3D7_1434700	2.0008650961031914e-07	323.49646762500004	51.0	34.0	110.0
PF3D7_1434800	3.516389639901545e-05	712.152892125	51.0	37.0	100.0
PF3D7_1435000	0.002342695994481709	28.67474025	51.0	43.0	88.0
PF3D7_1435100	2.4927893975513022e-05	7.94394825	51.0	43.0	101.0
PF3D7_1435200	0.002342695994481709	4.160621625	45.0	5.5	-88.0
PF3D7_1435300	2.0008650961031914e-07	6.343793625	51.0	47.5	110.0
PF3D7_1435400	1.0	24.47998274999999	48.125	23.3125	-32.0
PF3D7_1435500	1.0	44.973499499999996	48.125	13.625	-30.0
PF3D7_1435600	0.0012842624885035599	3.8258298749999993	47.25	4.0	-90.0
PF3D7_1435700.2	0.01943095169546062	62.924862375000004	51.0	38.5	80.0
PF3D7_1436000	1.46918915520106e-05	322.16643225000007	51.0	31.0	102.0
PF3D7_1436100	0.11143167772483249	15.069748875000005	45.0	15.25	-72.0
PF3D7_1436200	0.9151609289079528	3.3560898749999994	51.0	46.0	60.0
PF3D7_1436300	0.6680367990420074	228.85039275000003	51.0	22.0	-62.0
PF3D7_1436500	0.16453699804109032	7.8362036250000005	51.0	41.5	70.0
PF3D7_1436600	1.46918915520106e-05	9.617177625	49.5	17.25	-102.0
PF3D7_1436800	0.031003550035172057	22.100213625	51.0	43.0	78.0
PF3D7_1436900	1.0	13.404746625000001	48.125	19.25	-54.0
PF3D7_1437000	1.0	41.38276912499999	48.125	16.375	-36.0
PF3D7_1437100	0.41134505507719793	1.424372625	51.0	47.5	65.0
PF3D7_1437200	0.23894651657040047	130.492092	51.0	38.5	68.0
PF3D7_1437300	0.031003550035172057	4.342570499999999	51.0	46.0	78.0
PF3D7_1437400	0.048426734117954354	33.6613395	51.0	38.5	76.0
PF3D7_1437500	0.4810985075880909	11.537241374999997	49.5	40.25	64.0
PF3D7_1437700	0.4810985075880909	4.190424	51.0	46.0	64.0
PF3D7_1437800	1.0	36.37217700000001	48.125	22.375	-20.0
PF3D7_1437900	1.0	269.98326037499993	48.125	34.697916666666664	-14.0
PF3D7_1438000	0.0006803297011630345	151.63624049999999	51.0	13.0	-92.0
PF3D7_1438100	1.0	136.68021299999992	48.125	14.875	-44.0
PF3D7_1438400	0.23894651657040047	24.410823375	51.0	31.0	68.0
PF3D7_1438500	1.0	6.148938750000001	48.125	16.489583333333332	-34.0
PF3D7_1438600	0.004141795071110547	23.387096625000005	51.0	8.5	-86.0
PF3D7_1438700	5.735652685057447e-06	40.044037875	51.0	43.0	104.0
PF3D7_1438900	0.002342695994481709	628.7719829999999	51.0	38.5	88.0
PF3D7_1439000	0.0012842624885035599	38.086078875	51.0	46.0	90.0
PF3D7_1439100	1.0	5.92656675	48.125	28.4375	-30.0
PF3D7_1439300	0.0006803297011630345	14.614081125	45.0	12.25	-92.0
PF3D7_1439400	1.46918915520106e-05	49.97043900000001	51.0	47.5	102.0
PF3D7_1439500	0.0006803297011630345	22.149982125	45.0	4.75	-92.0
PF3D7_1439600	0.002342695994481709	20.847420750000005	51.0	44.5	88.0
PF3D7_1439700	0.34159160256630494	24.09504675	51.0	43.0	66.0
PF3D7_1439800	0.4810985075880909	152.01278925	51.0	32.5	64.0
PF3D7_1439900	0.007115131547795238	519.57781425	51.0	38.5	84.0
PF3D7_1440000	0.0001698261780107018	2.30112525	51.0	44.5	96.0
PF3D7_1440100	0.00034707262534643487	23.651628374999998	51.0	43.0	94.0
PF3D7_1440200	0.011903316453167643	30.225371250000002	51.0	38.5	82.0
PF3D7_1440300	0.0012842624885035599	27.146263124999997	51.0	40.0	90.0
PF3D7_1440400	0.004141795071110547	0.432141	51.0	47.5	86.0
PF3D7_1440500	3.516389639901545e-05	24.0764595	51.0	32.5	100.0
PF3D7_1440700	0.34159160256630494	23.373799125	51.0	32.5	66.0
PF3D7_1440800	0.01943095169546062	40.9750545	51.0	40.0	80.0
PF3D7_1440900	0.048426734117954354	1.129950375	45.0	4.0	-76.0
PF3D7_1441000	0.031003550035172057	9.748967625	51.0	14.5	-78.0
PF3D7_1441100	0.11143167772483249	2564.596234875	51.0	7.0	-72.0
PF3D7_1441200	7.932217418824561e-05	1500.55935525	51.0	32.5	98.0
PF3D7_1441300	0.9151609289079528	10.857245250000002	45.0	10.0	-60.0
PF3D7_1441400	0.031003550035172057	152.72056049999998	51.0	38.5	78.0
PF3D7_1441500	1.0	16.074679500000002	48.125	20.5	-40.0
PF3D7_1441600	0.11143167772483249	6.373491375	51.0	35.5	72.0
PF3D7_1441800	0.11143167772483249	15.178853624999999	51.0	46.0	72.0
PF3D7_1441900	0.9151609289079528	32.049894	51.0	35.5	60.0
PF3D7_1442000	0.061288071778585175	29.655319125	51.0	41.5	75.0
PF3D7_1442100	0.011903316453167643	231.3321975	51.0	40.0	82.0
PF3D7_1442200	0.0001698261780107018	8.4390015	51.0	44.5	96.0
PF3D7_1442300	1.0	101.66557349999992	48.125	27.375	-50.0
PF3D7_1442400	0.23894651657040047	53.15278687499999	51.0	32.5	68.0
PF3D7_1442500	0.0012842624885035599	24.748630125	51.0	38.5	90.0
PF3D7_1442900	2.0695381558476795e-06	117.93117749999999	46.5	12.25	-106.0
PF3D7_1443000	5.735652685057447e-06	0.958132875	51.0	46.0	104.0
PF3D7_1443100	1.0	35.27277749999999	48.125	33.90625	-16.0
PF3D7_1443300	1.0	125.35284224999998	48.125	33.28125	-20.0
PF3D7_1443400	0.007115131547795238	40.306800375	51.0	38.5	84.0
PF3D7_1443500	0.00034707262534643487	21.819402000000004	49.5	38.5	94.0
PF3D7_1443700	0.0001698261780107018	35.255753625	51.0	41.5	96.0
PF3D7_1443800	1.0	32.604006749999996	48.125	33.90625	-24.0
PF3D7_1443900	0.002342695994481709	118.876671375	51.0	43.0	88.0
PF3D7_1444200	0.03971514207656321	1.8441513750000003	49.5	17.25	-77.0
PF3D7_1444300	0.23894651657040047	116.35336462499998	51.0	40.0	68.0
PF3D7_1444500	6.804813352432401e-07	66.416685	51.0	10.0	-108.0
PF3D7_1444600	1.0	4.494157875000001	48.125	18.90625	-58.0
PF3D7_1444700	0.0012842624885035599	18.2883825	51.0	43.0	90.0
PF3D7_1444800	5.735652685057447e-06	3486.001713	51.0	34.0	104.0
PF3D7_1445000	0.011903316453167643	2.680489875	51.0	44.5	82.0
PF3D7_1445100	0.002342695994481709	30.444442125000013	51.0	22.0	-88.0
PF3D7_1445200	0.048426734117954354	94.26269775000002	51.0	16.0	-76.0
PF3D7_1445300	0.01943095169546062	8.701285500000001	51.0	43.0	80.0
PF3D7_1445400	1.0	101.83483799999996	48.125	21.21875	-36.0
PF3D7_1445500	0.0012842624885035599	56.63952224999998	51.0	13.0	-90.0
PF3D7_1445600	0.002342695994481709	142.35575362500003	51.0	11.5	-88.0
PF3D7_1445700	0.9151609289079528	169.52557799999997	45.0	37.0	60.0
PF3D7_1445900	0.004141795071110547	859.3747938749998	51.0	13.0	-86.0
PF3D7_1446200	0.002342695994481709	326.15815237499993	51.0	31.0	88.0
PF3D7_1446300	1.0	23.200737750000002	48.125	34.697916666666664	-8.0
PF3D7_1446400	1.0	22.116887625000004	48.125	34.375	-16.0
PF3D7_1446500	1.0	23.51451262500003	48.125	22.78125	-50.0
PF3D7_1446600	5.735652685057447e-06	128.59577512500002	51.0	46.0	104.0
PF3D7_1446700	0.0012842624885035599	26.176499625	51.0	43.0	90.0
PF3D7_1446800	0.007115131547795238	53.20532250000001	51.0	41.5	84.0
PF3D7_1446900	1.0	162.38627850000003	48.125	34.697916666666664	-8.0
PF3D7_1447000	1.46918915520106e-05	2113.128811125001	45.0	25.0	102.0
PF3D7_1447100	1.0	60.81530250000003	48.125	22.78125	-16.0
PF3D7_1447200	0.0006803297011630345	164.43364237500003	51.0	13.0	-92.0
PF3D7_1447300	0.004141795071110547	61.86988425	51.0	44.5	86.0
PF3D7_1447400	1.099815087910326e-08	29.155881375000003	51.0	29.5	114.0
PF3D7_1447700	1.0	13.532861625000002	48.125	34.46875	-18.0
PF3D7_1447800	1.0	16.051834500000005	48.125	34.697916666666664	-12.0
PF3D7_1447900	7.932217418824561e-05	105.42350550000002	51.0	35.5	98.0
PF3D7_1448000	0.0006803297011630345	72.871447875	51.0	16.0	-92.0
PF3D7_1448300	1.0	13.84092	48.125	21.53125	-32.0
PF3D7_1448400	0.002342695994481709	37.958896124999995	51.0	40.0	88.0
PF3D7_1448500	0.0006803297011630345	17.364958875	51.0	44.5	92.0
PF3D7_1448600	1.0	17.87201324999999	48.125	31.09375	-6.0
PF3D7_1448700	0.031003550035172057	9.956698124999997	51.0	16.0	-78.0
PF3D7_1448800	0.9151609289079528	22.788873749999997	51.0	43.0	60.0
PF3D7_1448900	0.031003550035172057	110.56904699999998	51.0	41.5	78.0
PF3D7_1449100	5.735652685057447e-06	3.9801138750000002	49.5	40.25	104.0
PF3D7_1449200	2.0695381558476795e-06	670.4371391249999	45.0	4.0	-106.0
PF3D7_1449300.1	5.735652685057447e-06	132.13827749999996	51.0	10.0	-104.0
PF3D7_1449400	0.00034707262534643487	9.84790125	51.0	44.5	94.0
PF3D7_1449500	1.0	9.544467374999996	48.125	31.9375	-34.0
PF3D7_1449600	0.4810985075880909	4.868098125000001	51.0	47.5	64.0
PF3D7_1449700	0.01943095169546062	22.206027375000005	49.5	11.5	-80.0
PF3D7_1449800	1.0	44.78998275	48.125	34.375	-12.0
PF3D7_1449900	1.0	6.814763624999999	48.125	17.90625	-26.0
PF3D7_1450000	1.0	36.61816875000001	48.125	13.3125	-26.0
PF3D7_1450100	0.16453699804109032	91.67945737499997	51.0	11.5	-70.0
PF3D7_1450200	7.932217418824561e-05	32.34136425	51.0	14.5	-98.0
PF3D7_1450300	3.516389639901545e-05	31.715418375	51.0	16.0	-100.0
PF3D7_1450400	0.002342695994481709	26.998932749999987	45.0	13.75	-88.0
PF3D7_1450500	7.932217418824561e-05	1.584277875	49.5	40.25	98.0
PF3D7_1450600	0.031003550035172057	14.868524250000007	51.0	29.5	78.0
PF3D7_1450700	1.0	34.765060125000005	48.125	15.84375	-34.0
PF3D7_1450900	0.003242245532796128	18.848584875	51.0	40.0	87.0
PF3D7_1451000	0.9151609289079528	22.45473225	51.0	31.0	60.0
PF3D7_1451100	0.0001698261780107018	1882.4372456250003	49.5	28.0	96.0
PF3D7_1451200	0.031003550035172057	450.47455312499983	51.0	10.0	-78.0
PF3D7_1451300	7.932217418824561e-05	80.291310375	51.0	41.5	98.0
PF3D7_1451400	0.23894651657040047	7.871814750000002	51.0	43.0	68.0
PF3D7_1451500	1.0	15.620224125	48.125	25.5	-46.0
PF3D7_1451700	0.003242245532796128	5.974745625	51.0	46.0	87.0
PF3D7_1451800	0.11143167772483249	181.83762487500002	51.0	35.5	72.0
PF3D7_1451900	0.01943095169546062	33.48718124999998	51.0	13.0	-80.0
PF3D7_1452000	3.516389639901545e-05	7.45305225	49.5	17.25	-100.0
PF3D7_1452100	0.074149409439216	18.793121625	51.0	16.0	-74.0
PF3D7_1452400	1.0	37.423784250000026	48.125	13.625	-28.0
PF3D7_1452500	0.031003550035172057	16.811996625	51.0	44.5	78.0
PF3D7_1452600	1.0	7.251337500000002	48.125	21.40625	-16.0
PF3D7_1452700	0.01943095169546062	243.00018750000004	51.0	38.5	80.0
PF3D7_1452900	0.011903316453167643	5.476345125	51.0	44.5	82.0
PF3D7_1453000	0.011903316453167643	16.318501875000003	46.0	12.0	-82.0
PF3D7_1453200	0.0001698261780107018	1.7261722500000003	51.0	44.5	96.0
PF3D7_1453300	0.4810985075880909	10.803171750000002	51.0	16.0	-64.0
PF3D7_1453700	1.0	907.8957412499999	48.125	13.71875	-38.0
PF3D7_1453800	5.735652685057447e-06	64.32634425000003	51.0	11.5	-104.0
PF3D7_1453900	0.0001698261780107018	86.06237475	51.0	13.0	-96.0
PF3D7_1454000	0.048426734117954354	37.917710625	51.0	13.0	-76.0
PF3D7_1454100	0.048426734117954354	7.14364725	51.0	40.75	76.0
PF3D7_1454200	0.031003550035172057	13.727530125	51.0	13.0	-78.0
PF3D7_1454400	1.46918915520106e-05	194.20721999999998	51.0	34.0	102.0
PF3D7_1454500	0.9151609289079528	53.595532875	49.5	3.25	-60.0
PF3D7_1454600	0.16453699804109032	35.5003275	51.0	41.5	70.0
PF3D7_1454700	1.0	116.81663887500004	48.125	28.9375	-18.0
PF3D7_1455100	1.0	51.283717874999994	48.125	33.90625	-24.0
PF3D7_1455200.1	0.0012842624885035599	58.824572999999994	51.0	42.25	90.0
PF3D7_1455300	2.0695381558476795e-06	24.198814125	49.5	17.25	-106.0
PF3D7_1455400	0.34159160256630494	90.45111112499998	51.0	8.5	-66.0
PF3D7_1455500	0.6680367990420074	20.031409125	51.0	35.5	62.0
PF3D7_1455600	6.804813352432401e-07	1.08859275	49.5	17.25	-108.0
PF3D7_1455700	0.002342695994481709	4.791430875	51.0	44.5	88.0
PF3D7_1455900	0.007115131547795238	5.36304975	51.0	43.0	84.0
PF3D7_1456000	0.00034707262534643487	8.444080499999998	51.0	44.5	94.0
PF3D7_1456500	0.004141795071110547	17.646927750000003	51.0	43.0	86.0
PF3D7_1456700	1.0	16.578749625000004	48.125	30.90625	-20.0
PF3D7_1456800	0.002342695994481709	271.16091000000006	45.0	26.5	88.0
PF3D7_1456900	1.0	81.57317775000001	48.125	22.8125	-18.0
PF3D7_1457000	1.0	298.9123860000001	48.125	33.8125	-28.0
PF3D7_1457100	1.0	18.816485625	48.125	34.46875	-16.0
PF3D7_1457200	0.23894651657040047	1790.1822161250002	51.0	38.5	68.0
PF3D7_1457300	0.16453699804109032	110.90379150000007	51.0	8.5	-70.0
PF3D7_1457400	0.00034707262534643487	13.316101125000003	48.0	8.5	-94.0
PF3D7_1457500	7.932217418824561e-05	20.880603375	51.0	46.0	98.0
PF3D7_1457600	1.0	20.705728499999996	48.125	16.25	-58.0
PF3D7_1457700	0.074149409439216	47.884132875000006	51.0	13.0	-74.0
PF3D7_1457800	0.01943095169546062	3.4947296249999997	51.0	44.5	80.0
PF3D7_1457900	0.9151609289079528	14.80799325	45.0	4.75	-60.0
PF3D7_1458000	0.4810985075880909	118.04310712499999	51.0	13.0	-64.0
PF3D7_1458100	0.074149409439216	224.551191375	47.0	8.0	-74.0
PF3D7_1458200	5.735652685057447e-06	84.29962425000001	51.0	10.0	-104.0
PF3D7_1458300	6.804813352432401e-07	2.2895730000000003	51.0	44.5	108.0
PF3D7_1458400	0.11143167772483249	16.755540000000003	51.0	38.5	72.0
PF3D7_1458500	0.11143167772483249	4.829136	51.0	44.5	72.0
PF3D7_1458600	7.932217418824561e-05	30.872030999999996	51.0	13.0	-98.0
PF3D7_1458700	0.00034707262534643487	39.045133125	51.0	44.5	94.0
PF3D7_1458800	0.011903316453167643	12.333922874999999	51.0	14.5	-82.0
PF3D7_1458900	0.0012842624885035599	15.280338375000005	45.0	10.0	-90.0
PF3D7_1459000	2.0695381558476795e-06	497.65660799999984	51.0	11.5	-106.0
PF3D7_1459200	0.6680367990420074	72.28156800000001	51.0	11.5	-62.0
PF3D7_1459300	5.735652685057447e-06	14.636272124999998	51.0	4.0	-104.0
PF3D7_1459400	0.0006803297011630345	146.78817525	45.0	14.5	-92.0
PF3D7_1459600	7.932217418824561e-05	51.096501	46.0	12.0	-98.0
PF3D7_1459700	0.01943095169546062	49.33713412499999	51.0	41.5	80.0
PF3D7_1459800	0.11143167772483249	202.997979	51.0	38.5	72.0
PF3D7_1459900	0.23894651657040047	2.56019775	45.0	4.0	-68.0
PF3D7_1460100	1.0	18.915061500000004	48.125	15.84375	-32.0
PF3D7_1460200	0.01943095169546062	20.58663975	49.5	44.5	80.0
PF3D7_1460300	0.0006803297011630345	2963.9908886250005	51.0	35.5	92.0
PF3D7_1460400	0.031003550035172057	184.626701625	51.0	32.5	78.0
PF3D7_1460500	0.031003550035172057	14.51446425	51.0	44.5	78.0
PF3D7_1460600	3.516389639901545e-05	23.034535874999996	49.5	40.25	100.0
PF3D7_1460700	5.735652685057447e-06	2315.343471	51.0	31.0	104.0
PF3D7_1460900.2	0.004141795071110547	12.560572125000002	51.0	41.5	86.0
PF3D7_1461100	0.002342695994481709	8.1685485	51.0	41.5	88.0
PF3D7_1461200	1.0	16.260290250000008	48.125	15.21875	-54.0
PF3D7_1461300	0.0001698261780107018	2106.8791406249993	49.5	32.5	96.0
PF3D7_1461400	1.46918915520106e-05	26.961588374999998	49.5	40.25	102.0
PF3D7_1461600	0.031003550035172057	176.91602587499992	51.0	13.0	-78.0
PF3D7_1461900	1.0	71.38500749999999	48.125	20.28125	-56.0
PF3D7_1462200	0.03971514207656321	46.975801125000004	51.0	40.75	77.0
PF3D7_1462300	7.932217418824561e-05	49.29728249999999	51.0	10.0	-98.0
PF3D7_1462400	0.007115131547795238	79.31751525	51.0	13.0	-84.0
PF3D7_1462700	0.004141795071110547	81.36205612500001	51.0	41.5	86.0
PF3D7_1462800	0.048426734117954354	6407.550621749999	51.0	38.5	76.0
PF3D7_1463000	1.0	10.840599750000004	48.125	32.40625	-20.0
PF3D7_1463200	0.11143167772483249	83.802001875	51.0	44.5	72.0
PF3D7_1463300	3.516389639901545e-05	11.188032374999999	51.0	43.0	100.0
PF3D7_1463400	0.00034707262534643487	57.11815725000001	51.0	14.5	-94.0
PF3D7_1463500	6.804813352432401e-07	82.744534125	51.0	5.5	-108.0
PF3D7_1463600	0.015667134074314134	18.4225695	49.5	44.5	81.0
PF3D7_1463700	0.048426734117954354	18.562571625	46.8	18.4	-76.0
PF3D7_1463900	3.516389639901545e-05	10.079566125000001	49.5	17.25	-100.0
PF3D7_1464000	0.0006803297011630345	145.89200775000003	51.0	14.5	-92.0
PF3D7_1464200	0.0012842624885035599	20.539378125000002	48.0	11.5	-90.0
PF3D7_1464400	1.0	170.09141325000007	48.125	33.90625	-18.0
PF3D7_1464500	0.34159160256630494	14.03314575	51.0	35.5	66.0
PF3D7_1464600	1.0	85.55323762500001	48.125	22.25	-56.0
PF3D7_1464700	1.0	75.85335862500003	48.125	34.46875	-20.0
PF3D7_1464900	0.6680367990420074	49.52240699999998	51.0	14.5	-62.0
PF3D7_1465000	0.0001698261780107018	16.26539775	51.0	43.0	96.0
PF3D7_1465100	1.0	2.7649740000000005	48.125	32.40625	-32.0
PF3D7_1465200	1.0	10.260168749999995	48.125	20.75	-42.0
PF3D7_1465300	0.01943095169546062	13.203912750000002	47.25	16.0	-80.0
PF3D7_1465400	0.007115131547795238	524.0008391250001	51.0	13.0	-84.0
PF3D7_1465900	7.932217418824561e-05	3150.5627055	49.5	28.0	98.0
PF3D7_1466100	7.932217418824561e-05	17.92566975	51.0	43.0	98.0
PF3D7_1466200	0.9151609289079528	12.964245750000003	51.0	47.5	60.0
PF3D7_1466300	0.6680367990420074	106.10009962500001	51.0	35.5	62.0
PF3D7_1466400	1.0	34.301107499999986	48.125	18.21875	-50.0
PF3D7_1466600	1.0	17.65302225	48.125	20.75	-46.0
PF3D7_1466700	0.9151609289079528	112.08979650000003	51.0	19.0	-60.0
PF3D7_1466800	0.34159160256630494	19.558874249999995	51.0	14.5	-66.0
PF3D7_1466900	1.0	11.35560375	48.125	13.15625	-46.0
PF3D7_1467100	1.0	5.016184124999998	48.125	17.40625	-26.0
PF3D7_1467200	0.4810985075880909	10.217876624999999	51.0	16.0	-64.0
PF3D7_1467300	0.16453699804109032	12.344925	51.0	44.5	70.0
PF3D7_1467400	1.0	10.29194175	48.125	31.9375	-38.0
PF3D7_1467500	1.0	24.02190150000002	48.125	29.0625	-12.0
PF3D7_1467600	1.0	19.796427375	48.125	18.21875	-56.0
PF3D7_1467700	1.0	94.57199324999999	48.125	28.4375	-22.0
PF3D7_1467800	0.4810985075880909	115.19538900000002	51.0	40.0	64.0
PF3D7_1467900	1.0	11.587893000000001	48.125	32.40625	-32.0
PF3D7_1468100	1.0	114.61703737500005	48.125	28.4375	-20.0
PF3D7_1468200	0.16453699804109032	139.08019837499995	51.0	35.5	70.0
PF3D7_1468400	6.804813352432401e-07	12.682860749999998	49.5	17.25	-108.0
PF3D7_1468500.1	0.4810985075880909	24.390713249999997	51.0	40.0	64.0
PF3D7_1468700	1.0	809.0924688749997	48.125	28.71875	-50.0
PF3D7_1468800	1.0	26.530015500000005	48.125	28.4375	-14.0
PF3D7_1468900	0.048426734117954354	13.322092875000006	51.0	29.5	76.0
PF3D7_1469000	1.0	16.566590250000004	48.125	35.166666666666664	-10.0
PF3D7_1469100	0.4810985075880909	16.036899375000004	45.0	13.75	-64.0
PF3D7_1469200	3.516389639901545e-05	10.632829875	49.5	17.25	-100.0
PF3D7_1469300	0.16453699804109032	29.29914262500001	51.0	32.5	70.0
PF3D7_1469400	7.932217418824561e-05	44.473984875	51.0	31.0	98.0
PF3D7_1469700	0.004141795071110547	9.820000124999998	51.0	41.5	86.0
PF3D7_1469800	0.0001698261780107018	49.32286875	51.0	41.5	96.0
PF3D7_1470000	0.011903316453167643	45.735378375	51.0	40.75	82.0
PF3D7_1470200	0.34159160256630494	49.503411	51.0	16.0	-66.0
PF3D7_1470300	0.007115131547795238	93.37730475	51.0	14.5	-84.0
PF3D7_1470400	0.11143167772483249	3.215188125	51.0	44.5	72.0
PF3D7_1470600	0.002342695994481709	44.053669500000005	51.0	35.5	88.0
PF3D7_1470700	0.031003550035172057	24.303552	51.0	35.5	78.0
PF3D7_1470800	0.002342695994481709	18.93296625	51.0	38.5	88.0
PF3D7_1470900	0.16453699804109032	330.10448287500003	51.0	38.5	70.0
PF3D7_1471000	0.048426734117954354	19.522749	49.5	28.0	76.0
PF3D7_1471100	0.0012842624885035599	3693.411510000001	51.0	35.5	90.0
PF3D7_1471200	0.11143167772483249	284.86450987499995	51.0	38.5	72.0
PF3D7_1471300	0.002342695994481709	19.567928625	51.0	43.0	88.0
PF3D7_1471400	0.074149409439216	23.875143374999997	51.0	40.0	74.0
PF3D7_1471900	0.16453699804109032	228.135915375	51.0	14.5	-70.0
PF3D7_1472000	0.01943095169546062	111.64452600000001	51.0	14.5	-80.0
PF3D7_1472100	0.23894651657040047	19.987113	50.0	8.5	-68.0
PF3D7_1472200	1.46918915520106e-05	273.215017875	51.0	13.0	-102.0
PF3D7_1472300	1.0	16.50980775	48.125	15.375	-52.0
PF3D7_1472400	1.0	7.916834625000005	48.125	28.9375	-22.0
PF3D7_1472500	0.0005137011632547347	3.3996101249999997	49.5	40.25	93.0
PF3D7_1472600	3.516389639901545e-05	4.6690777500000005	51.0	47.5	100.0
PF3D7_1472700	3.516389639901545e-05	18.579903375	51.0	46.0	100.0
PF3D7_1472800	0.16453699804109032	36.333553125	51.0	47.5	70.0
PF3D7_1472900	0.074149409439216	40.281930374999995	51.0	37.0	74.0
PF3D7_1473100	1.0	10.561703624999998	48.125	32.34375	-6.0
PF3D7_1473200	0.031003550035172057	452.25759187500006	51.0	38.5	78.0
PF3D7_1473400	0.0001698261780107018	4.863311625	47.25	4.0	-96.0
PF3D7_1473500	0.031003550035172057	22.557366749999996	51.0	22.0	-78.0
PF3D7_1473600	0.015667134074314134	17.744288624999996	51.0	38.5	81.0
PF3D7_1473700	0.0006803297011630345	71.42283937500001	51.0	19.0	-92.0
PF3D7_1473900	0.002342695994481709	36.1168845	51.0	14.5	-88.0
PF3D7_1474100	0.0009822960948332972	172.188909375	51.0	40.0	91.0
PF3D7_1474500	1.0	38.611663125000014	48.125	33.90625	-14.0
PF3D7_1474600	1.0	55.55146387500001	48.125	15.375	-36.0
PF3D7_1474800	0.6680367990420074	273.61941187499997	51.0	43.0	62.0
PF3D7_1474900	0.0006803297011630345	63.4467255	51.0	43.0	92.0
PF3D7_1475000	0.23894651657040047	23.238988125000002	47.25	23.875	-68.0
PF3D7_1475100	0.007115131547795238	9.087298875000005	45.0	25.0	84.0
PF3D7_1475200	0.23894651657040047	6.5192643750000006	51.0	41.5	68.0
PF3D7_1475300	0.02521725086531634	22.708089375	51.0	43.0	79.0
PF3D7_1475600	7.932217418824561e-05	98.04442724999998	51.0	13.0	-98.0
PF3D7_1475800	0.007115131547795238	4.192788374999999	51.0	47.5	84.0
PF3D7_1476000	0.002342695994481709	239.253967125	51.0	16.0	-88.0
PF3D7_1476200	5.735652685057447e-06	108.94417725	51.0	31.0	104.0
PF3D7_1476300	2.0695381558476795e-06	5.583518250000001	49.5	40.25	106.0
PF3D7_1476400	0.4810985075880909	46.49184449999999	51.0	16.0	-64.0
PF3D7_1476800	0.004141795071110547	30.463719375000004	45.0	7.75	-86.0
PF3D7_1477500	1.8582607868322154e-09	331.7416665	45.0	25.0	116.0
PF3D7_1478100	0.0001698261780107018	68.07494775	51.0	10.0	-96.0
PF3D7_1478600	6.804813352432401e-07	185.37792862499998	49.5	28.0	108.0
PF3D7_1478800	0.011903316453167643	22.669522875	45.0	19.0	-82.0
PF3D7_1479200	0.004141795071110547	45.028059375	51.0	13.0	-86.0
